// From Sheldahl and Klimas (1981)
// Re_c = 30000 50000 60000 75000 100000 125000 150000 200000 250000
// alpha_deg
(-180 0.10608 0.07677 0.05429 0.04299 0.03507 0.03505 0.04717 0.05636 0.02776)
(-178.214 0.10711 0.07781 0.05535 0.04405 0.03614 0.03611 0.04823 0.05741 0.02883)
(-176.429 0.1102 0.08094 0.05851 0.04723 0.03933 0.0393 0.0514 0.06057 0.03203)
(-174.643 0.11533 0.08614 0.06377 0.05252 0.04463 0.04461 0.05667 0.06582 0.03735)
(-172.857 0.12248 0.0934 0.0711 0.05988 0.05203 0.052 0.06403 0.07315 0.04477)
(-171.071 0.13163 0.10267 0.08047 0.06931 0.06148 0.06146 0.07343 0.08251 0.05426)
(-169.286 0.14274 0.11393 0.09185 0.08075 0.07297 0.07294 0.08485 0.09388 0.06578)
(-167.5 0.15575 0.12714 0.1052 0.09416 0.08643 0.08641 0.09824 0.10721 0.07929)
(-165.714 0.17063 0.14223 0.12045 0.1095 0.10182 0.1018 0.11355 0.12245 0.09473)
(-163.929 0.18731 0.15915 0.13755 0.12669 0.11908 0.11906 0.13071 0.13954 0.11205)
(-162.143 0.20573 0.17782 0.15643 0.14568 0.13814 0.13812 0.14965 0.1584 0.13118)
(-160.357 0.2258 0.19819 0.17702 0.16638 0.15892 0.1589 0.17031 0.17897 0.15203)
(-158.571 0.24745 0.22016 0.19924 0.18872 0.18135 0.18132 0.19261 0.20116 0.17454)
(-156.786 0.27058 0.24364 0.22299 0.2126 0.20533 0.2053 0.21644 0.22489 0.1986)
(-155 0.29512 0.26855 0.24819 0.23794 0.23077 0.23074 0.24173 0.25006 0.22413)
(-150.357 0.36472 0.33924 0.31971 0.30989 0.30301 0.30298 0.31352 0.32151 0.29665)
(-145.714 0.44117 0.41695 0.39838 0.38905 0.3825 0.38248 0.3925 0.40009 0.37646)
(-141.071 0.52238 0.49958 0.4821 0.47331 0.46715 0.46712 0.47655 0.4837 0.46145)
(-136.429 0.60612 0.58488 0.5686 0.56041 0.55468 0.55466 0.56344 0.5701 0.54938)
(-131.786 0.69008 0.67055 0.65558 0.64805 0.64277 0.64275 0.65083 0.65695 0.63789)
(-127.143 0.77195 0.75425 0.74068 0.73386 0.72908 0.72906 0.73638 0.74193 0.72466)
(-122.5 0.84944 0.83369 0.82161 0.81554 0.81129 0.81127 0.81779 0.82272 0.80736)
(-117.857 0.92039 0.90669 0.89619 0.89091 0.88721 0.88719 0.89286 0.89715 0.88379)
(-113.214 0.98278 0.97123 0.96237 0.95792 0.95479 0.95478 0.95956 0.96318 0.95191)
(-108.571 1.03484 1.02551 1.01835 1.01475 1.01223 1.01222 1.01608 1.01901 1.0099)
(-103.929 1.07505 1.06799 1.06258 1.05986 1.05795 1.05795 1.06087 1.06308 1.05619)
(-99.2857 1.10217 1.09744 1.09382 1.09199 1.09072 1.09071 1.09267 1.09415 1.08953)
(-94.6429 1.11535 1.11298 1.11116 1.11024 1.1096 1.1096 1.11058 1.11132 1.10901)
(-90 1.11406 1.11406 1.11406 1.11406 1.11406 1.11406 1.11406 1.11406 1.11406)
(-85.3571 1.11535 1.11298 1.11116 1.11024 1.1096 1.1096 1.11058 1.11132 1.10901)
(-80.7143 1.10217 1.09744 1.09382 1.09199 1.09072 1.09071 1.09267 1.09415 1.08953)
(-76.0714 1.07505 1.06799 1.06258 1.05986 1.05795 1.05795 1.06087 1.06308 1.05619)
(-71.4286 1.03484 1.02551 1.01835 1.01475 1.01223 1.01222 1.01608 1.01901 1.0099)
(-66.7857 0.98278 0.97123 0.96237 0.95792 0.95479 0.95478 0.95956 0.96318 0.95191)
(-62.1429 0.92039 0.90669 0.89619 0.89091 0.88721 0.88719 0.89286 0.89715 0.88379)
(-57.5 0.84944 0.83369 0.82161 0.81554 0.81129 0.81127 0.81779 0.82272 0.80736)
(-52.8571 0.77195 0.75425 0.74068 0.73386 0.72908 0.72906 0.73638 0.74193 0.72466)
(-48.2143 0.69008 0.67055 0.65558 0.64805 0.64277 0.64275 0.65083 0.65695 0.63789)
(-43.5714 0.60612 0.58488 0.5686 0.56041 0.55468 0.55466 0.56344 0.5701 0.54938)
(-38.9286 0.52238 0.49958 0.4821 0.47331 0.46715 0.46712 0.47655 0.4837 0.46145)
(-34.2857 0.44117 0.41695 0.39838 0.38905 0.3825 0.38248 0.3925 0.40009 0.37646)
(-29.6429 0.36472 0.33924 0.31971 0.30989 0.30301 0.30298 0.31352 0.32151 0.29665)
(-25 0.29512 0.26855 0.24819 0.23794 0.23077 0.23074 0.24173 0.25006 0.22413)
(-23.9286 0.28727 0.25971 0.24044 0.23087 0.22351 0.2234 0.2336 0.24136 0.21752)
(-22.8571 0.27941 0.25087 0.23269 0.22379 0.21625 0.21605 0.22547 0.23267 0.21091)
(-21.7857 0.27156 0.24203 0.22495 0.21671 0.209 0.20871 0.21734 0.22398 0.2043)
(-20.7143 0.26371 0.23318 0.2172 0.20963 0.20174 0.20136 0.20921 0.21528 0.19769)
(-19.6429 0.25585 0.22434 0.20946 0.20256 0.19449 0.19402 0.20108 0.20659 0.19107)
(-18.5714 0.248 0.2155 0.20171 0.19548 0.18723 0.18667 0.19295 0.1979 0.18446)
(-17.5 0.24015 0.20666 0.19397 0.1884 0.17998 0.17933 0.18482 0.1892 0.17785)
(-16.4286 0.23229 0.19781 0.18622 0.18132 0.17272 0.17198 0.17669 0.18051 0.17124)
(-15.3571 0.22444 0.18897 0.17847 0.17424 0.16546 0.16464 0.16856 0.17182 0.16462)
(-14.2857 0.21659 0.18013 0.17073 0.16717 0.15821 0.15729 0.16043 0.16312 0.15801)
(-13.2143 0.20873 0.17129 0.16298 0.16009 0.15095 0.14995 0.1523 0.15443 0.1514)
(-12.1429 0.20088 0.16245 0.15524 0.15301 0.1437 0.1426 0.14417 0.14574 0.14479)
(-10 0.16939 0.1326 0.12844 0.12816 0.11553 0.11659 0.12059 0.12079 0.12323)
(-8 0.16371 0.12155 0.11198 0.11031 0.09956 0.10196 0.10534 0.10848 0.11017)
(-6 0.13975 0.07972 0.07339 0.0709 0.08214 0.0836 0.08098 0.07558 0.06974)
(-4 0.09734 0.0443 0.03842 0.03032 0.0345 0.03082 0.02624 0.02336 0.01727)
(-2 0.08542 0.03014 0.02415 0.01707 0.023 0.01804 0.01742 0.01356 0.01109)
(0 0.08241 0.02721 0.02101 0.0144 0.02135 0.015 0.01558 0.01105 0.00886)
(1 0.08138 0.02691 0.02055 0.01422 0.0211 0.01468 0.01627 0.01182 0.00933)
(2 0.08356 0.02615 0.0204 0.01411 0.02063 0.01436 0.01697 0.01261 0.00982)
(3 0.08627 0.02652 0.01985 0.01407 0.01992 0.01484 0.01747 0.01322 0.01036)
(4 0.08577 0.02763 0.01971 0.01408 0.01976 0.01529 0.01795 0.01383 0.01091)
(5 0.08553 0.02783 0.02044 0.01418 0.02026 0.01643 0.01928 0.015 0.01196)
(6 0.08505 0.03077 0.02218 0.01482 0.02117 0.01756 0.02057 0.01616 0.01303)
(7 0.09095 0.03399 0.02472 0.01615 0.02436 0.01971 0.02229 0.01781 0.01481)
(8 0.12644 0.03531 0.02631 0.01703 0.0283 0.02249 0.02517 0.02035 0.01687)
(9 0.14838 0.04126 0.03154 0.02354 0.03192 0.02555 0.02854 0.02333 0.01934)
(10 0.17681 0.05104 0.03916 0.02767 0.03786 0.029 0.03232 0.02595 0.02171)
(11 0.16461 0.05415 0.05982 0.05211 0.04487 0.03885 0.03983 0.02848 0.02604)
(12 0.20856 0.08542 0.08017 0.07753 0.13252 0.12721 0.13563 0.04781 0.05964)
(13 0.21193 0.14598 0.18416 0.22415 0.1296 0.13852 0.16067 0.13568 0.12509)
(14 0.25355 0.1962 0.22104 0.20993 0.23464 0.16557 0.18642 0.18797 0.15084)
(15 0.26049 0.24174 0.25733 0.24921 0.24494 0.1863 0.20578 0.19533 0.13056)
(16 0.26063 0.2547 0.25859 0.25449 0.24928 0.2419 0.24676 0.20975 0.15284)
(18 0.29112 0.26995 0.27002 0.27323 0.2754 0.26424 0.25971 0.23363 0.20702)
(20 0.2988 0.29169 0.29047 0.28271 0.27511 0.26679 0.23922 0.23093 0.21974)
(25 0.24602 0.21957 0.19872 0.18823 0.17872 0.17942 0.19188 0.20134 0.17492)
(29.6429 0.29423 0.2685 0.24847 0.23842 0.22935 0.22993 0.24163 0.25078 0.22566)
(34.2857 0.35047 0.32568 0.30663 0.29707 0.28855 0.289 0.29988 0.30862 0.28494)
(38.9286 0.41384 0.39023 0.37228 0.36328 0.35539 0.35572 0.36571 0.37396 0.35184)
(43.5714 0.48312 0.46089 0.44418 0.4358 0.42861 0.42881 0.43786 0.44556 0.42511)
(48.2143 0.55684 0.5362 0.52084 0.51312 0.50671 0.50677 0.51486 0.52193 0.50326)
(52.8571 0.6334 0.61454 0.60063 0.59363 0.58805 0.58797 0.59507 0.60147 0.58464)
(57.5 0.71109 0.69421 0.68184 0.67559 0.67087 0.67067 0.67677 0.68244 0.66755)
(62.1429 0.78821 0.77345 0.7627 0.75726 0.75338 0.75309 0.7582 0.76311 0.75021)
(66.7857 0.86298 0.85049 0.84143 0.83683 0.83377 0.83342 0.83757 0.84169 0.83083)
(71.4286 0.9336 0.9235 0.9162 0.91247 0.91017 0.9098 0.91305 0.91635 0.90759)
(76.0714 0.99813 0.99051 0.985 0.98218 0.98055 0.98023 0.98262 0.98509 0.97846)
(80.7143 1.05407 1.049 1.04532 1.04343 1.04239 1.04216 1.04375 1.04538 1.04092)
(85.3571 1.09707 1.09457 1.09274 1.0918 1.09127 1.09117 1.092 1.0928 1.09054)
(90 1.11406 1.11406 1.11406 1.11406 1.11406 1.11406 1.11406 1.11406 1.11406)
(94.6429 1.11535 1.11298 1.11116 1.11024 1.1096 1.1096 1.11058 1.11132 1.10901)
(99.2857 1.10217 1.09744 1.09382 1.09199 1.09072 1.09071 1.09267 1.09415 1.08953)
(103.929 1.07505 1.06799 1.06258 1.05986 1.05795 1.05795 1.06087 1.06308 1.05619)
(108.571 1.03484 1.02551 1.01835 1.01475 1.01223 1.01222 1.01608 1.01901 1.0099)
(113.214 0.98278 0.97123 0.96237 0.95792 0.95479 0.95478 0.95956 0.96318 0.95191)
(117.857 0.92039 0.90669 0.89619 0.89091 0.88721 0.88719 0.89286 0.89715 0.88379)
(122.5 0.84944 0.83369 0.82161 0.81554 0.81129 0.81127 0.81779 0.82272 0.80736)
(127.143 0.77195 0.75425 0.74068 0.73386 0.72908 0.72906 0.73638 0.74193 0.72466)
(131.786 0.69008 0.67055 0.65558 0.64805 0.64277 0.64275 0.65083 0.65695 0.63789)
(136.429 0.60612 0.58488 0.5686 0.56041 0.55468 0.55466 0.56344 0.5701 0.54938)
(141.071 0.52238 0.49958 0.4821 0.47331 0.46715 0.46712 0.47655 0.4837 0.46145)
(145.714 0.44117 0.41695 0.39838 0.38905 0.3825 0.38248 0.3925 0.40009 0.37646)
(150.357 0.36472 0.33924 0.31971 0.30989 0.30301 0.30298 0.31352 0.32151 0.29665)
(155 0.29512 0.26855 0.24819 0.23794 0.23077 0.23074 0.24173 0.25006 0.22413)
(156.786 0.27058 0.24364 0.22299 0.2126 0.20533 0.2053 0.21644 0.22489 0.1986)
(158.571 0.24745 0.22016 0.19924 0.18872 0.18135 0.18132 0.19261 0.20116 0.17454)
(160.357 0.2258 0.19819 0.17702 0.16638 0.15892 0.1589 0.17031 0.17897 0.15203)
(162.143 0.20573 0.17782 0.15643 0.14568 0.13814 0.13812 0.14965 0.1584 0.13118)
(163.929 0.18731 0.15915 0.13755 0.12669 0.11908 0.11906 0.13071 0.13954 0.11205)
(165.714 0.17063 0.14223 0.12045 0.1095 0.10182 0.1018 0.11355 0.12245 0.09473)
(167.5 0.15575 0.12714 0.1052 0.09416 0.08643 0.08641 0.09824 0.10721 0.07929)
(169.286 0.14274 0.11393 0.09185 0.08075 0.07297 0.07294 0.08485 0.09388 0.06578)
(171.071 0.13163 0.10267 0.08047 0.06931 0.06148 0.06146 0.07343 0.08251 0.05426)
(172.857 0.12248 0.0934 0.0711 0.05988 0.05203 0.052 0.06403 0.07315 0.04477)
(174.643 0.11533 0.08614 0.06377 0.05252 0.04463 0.04461 0.05667 0.06582 0.03735)
(176.429 0.1102 0.08094 0.05851 0.04723 0.03933 0.0393 0.0514 0.06057 0.03203)
(178.214 0.10711 0.07781 0.05535 0.04405 0.03614 0.03611 0.04823 0.05741 0.02883)
(180 0.10608 0.07677 0.05429 0.04299 0.03507 0.03505 0.04717 0.05636 0.02776)
