// From Sheldahl and Klimas (1981)
// Re_c = 30000 50000 60000 75000 100000 125000 150000 200000 250000
// alpha_deg
(-180 0 0 0 0 0 0 0 0 0)
(-178.214 0.05103 0.05374 0.05347 0.05297 0.05244 0.05258 0.05432 0.05489 0.05284)
(-176.429 0.10206 0.10748 0.10693 0.10594 0.10487 0.10517 0.10864 0.10978 0.10569)
(-174.643 0.15308 0.16122 0.1604 0.15891 0.15731 0.15775 0.16296 0.16467 0.15853)
(-172.857 0.20411 0.21495 0.21386 0.21187 0.20975 0.21033 0.21728 0.21956 0.21137)
(-171.071 0.25514 0.26869 0.26733 0.26484 0.26219 0.26292 0.2716 0.27445 0.26421)
(-169.286 0.30617 0.32243 0.32079 0.31781 0.31462 0.3155 0.32591 0.32934 0.31706)
(-167.5 0.3572 0.37617 0.37426 0.37078 0.36706 0.36808 0.38023 0.38423 0.3699)
(-165.714 0.40822 0.42991 0.42772 0.42375 0.4195 0.42067 0.43455 0.43912 0.42274)
(-163.929 0.45925 0.48365 0.48119 0.47672 0.47194 0.47325 0.48887 0.494 0.47558)
(-162.143 0.51028 0.53739 0.53465 0.52969 0.52437 0.52583 0.54319 0.54889 0.52843)
(-160.357 0.56131 0.59112 0.58812 0.58265 0.57681 0.57841 0.59751 0.60378 0.58127)
(-158.571 0.61233 0.64486 0.64158 0.63562 0.62925 0.631 0.65183 0.65867 0.63411)
(-156.786 0.66336 0.6986 0.69505 0.68859 0.68168 0.68358 0.70615 0.71356 0.68695)
(-155 0.71439 0.75234 0.74851 0.74156 0.73412 0.73616 0.76047 0.76845 0.7398)
(-150.357 0.66183 0.69165 0.68865 0.68318 0.67734 0.67894 0.69804 0.70431 0.6818)
(-145.714 0.62208 0.64574 0.64336 0.63902 0.63438 0.63566 0.65081 0.65579 0.63792)
(-141.071 0.58708 0.60589 0.60399 0.60055 0.59686 0.59787 0.60992 0.61387 0.59967)
(-136.429 0.5522 0.56707 0.56557 0.56285 0.55993 0.56073 0.57025 0.57338 0.56215)
(-131.786 0.5147 0.52633 0.52515 0.52302 0.52074 0.52137 0.52882 0.53126 0.52248)
(-127.143 0.47303 0.48196 0.48106 0.47942 0.47767 0.47815 0.48387 0.48575 0.47901)
(-122.5 0.42646 0.43315 0.43247 0.43125 0.42994 0.4303 0.43458 0.43598 0.43094)
(-117.857 0.37486 0.37968 0.37919 0.37831 0.37737 0.37763 0.38071 0.38173 0.37809)
(-113.214 0.31855 0.32185 0.32151 0.32091 0.32026 0.32044 0.32255 0.32325 0.32076)
(-108.571 0.25822 0.26031 0.2601 0.25972 0.25931 0.25942 0.26076 0.2612 0.25962)
(-103.929 0.19489 0.19605 0.19594 0.19572 0.19549 0.19556 0.1963 0.19655 0.19567)
(-99.2857 0.12977 0.13029 0.13024 0.13014 0.13004 0.13007 0.1304 0.13051 0.13012)
(-94.6429 0.06429 0.06442 0.06441 0.06439 0.06436 0.06437 0.06445 0.06448 0.06438)
(-90 0 0 0 0 0 0 0 0 0)
(-85.3571 -0.06429 -0.06442 -0.06441 -0.06439 -0.06436 -0.06437 -0.06445 -0.06448 -0.06438)
(-80.7143 -0.12977 -0.13029 -0.13024 -0.13014 -0.13004 -0.13007 -0.1304 -0.13051 -0.13012)
(-76.0714 -0.19489 -0.19605 -0.19594 -0.19572 -0.19549 -0.19556 -0.1963 -0.19655 -0.19567)
(-71.4286 -0.25822 -0.26031 -0.2601 -0.25972 -0.25931 -0.25942 -0.26076 -0.2612 -0.25962)
(-66.7857 -0.31855 -0.32185 -0.32151 -0.32091 -0.32026 -0.32044 -0.32255 -0.32325 -0.32076)
(-62.1429 -0.37486 -0.37968 -0.37919 -0.37831 -0.37737 -0.37763 -0.38071 -0.38173 -0.37809)
(-57.5 -0.42646 -0.43315 -0.43247 -0.43125 -0.42994 -0.4303 -0.43458 -0.43598 -0.43094)
(-52.8571 -0.47303 -0.48196 -0.48106 -0.47942 -0.47767 -0.47815 -0.48387 -0.48575 -0.47901)
(-48.2143 -0.5147 -0.52633 -0.52515 -0.52302 -0.52074 -0.52137 -0.52882 -0.53126 -0.52248)
(-43.5714 -0.5522 -0.56707 -0.56557 -0.56285 -0.55993 -0.56073 -0.57025 -0.57338 -0.56215)
(-38.9286 -0.58708 -0.60589 -0.60399 -0.60055 -0.59686 -0.59787 -0.60992 -0.61387 -0.59967)
(-34.2857 -0.62208 -0.64574 -0.64336 -0.63902 -0.63438 -0.63566 -0.65081 -0.65579 -0.63792)
(-29.6429 -0.66183 -0.69165 -0.68865 -0.68318 -0.67734 -0.67894 -0.69804 -0.70431 -0.6818)
(-25 -0.71439 -0.75234 -0.74851 -0.74156 -0.73412 -0.73616 -0.76047 -0.76845 -0.7398)
(-23.9286 -0.67631 -0.71486 -0.7125 -0.70615 -0.70001 -0.7019 -0.72557 -0.73397 -0.70771)
(-22.8571 -0.63822 -0.67738 -0.67649 -0.67073 -0.6659 -0.66764 -0.69067 -0.69948 -0.67562)
(-21.7857 -0.60013 -0.6399 -0.64048 -0.63532 -0.63178 -0.63338 -0.65577 -0.665 -0.64353)
(-20.7143 -0.56205 -0.60242 -0.60447 -0.5999 -0.59767 -0.59912 -0.62087 -0.63052 -0.61144)
(-19.6429 -0.52396 -0.56493 -0.56845 -0.56449 -0.56356 -0.56486 -0.58598 -0.59603 -0.57936)
(-18.5714 -0.48588 -0.52745 -0.53244 -0.52908 -0.52944 -0.5306 -0.55108 -0.56155 -0.54727)
(-17.5 -0.44779 -0.48997 -0.49643 -0.49366 -0.49533 -0.49634 -0.51618 -0.52706 -0.51518)
(-16.4286 -0.40971 -0.45249 -0.46042 -0.45825 -0.46122 -0.46208 -0.48128 -0.49258 -0.48309)
(-15.3571 -0.37162 -0.41501 -0.42441 -0.42283 -0.42711 -0.42782 -0.44638 -0.4581 -0.451)
(-14.2857 -0.33354 -0.37753 -0.3884 -0.38742 -0.39299 -0.39356 -0.41148 -0.42361 -0.41892)
(-13.2143 -0.29545 -0.34005 -0.35239 -0.35201 -0.35888 -0.3593 -0.37658 -0.38913 -0.38683)
(-12.1429 -0.25737 -0.30257 -0.31638 -0.31659 -0.32477 -0.32504 -0.34169 -0.35464 -0.35474)
(-10 -0.29416 -0.31462 -0.32528 -0.32232 -0.35426 -0.33751 -0.32424 -0.3398 -0.35017)
(-8 -0.28285 -0.29234 -0.30774 -0.29784 -0.35 -0.33502 -0.32977 -0.34368 -0.35835)
(-6 -0.26827 -0.23873 -0.24114 -0.24089 -0.34798 -0.3386 -0.28343 -0.26788 -0.25029)
(-4 -0.07297 -0.02125 -0.01102 0.0049 -0.09683 -0.06863 0.02868 0.02806 0.03362)
(-2 0.11352 0.18317 0.19569 0.21116 0.15098 0.19034 0.27363 0.2526 0.22687)
(0 0.33794 0.3935 0.40351 0.41108 0.39955 0.42318 0.46135 0.43696 0.41192)
(1 0.43897 0.49129 0.49946 0.5064 0.51247 0.52262 0.55775 0.53257 0.50742)
(2 0.53412 0.58544 0.5944 0.60179 0.6227 0.62189 0.65413 0.62819 0.60287)
(3 0.62318 0.67723 0.68891 0.69707 0.72164 0.7146 0.74557 0.72068 0.69572)
(4 0.70421 0.76922 0.78345 0.79102 0.81691 0.80721 0.83699 0.81313 0.78843)
(5 0.78623 0.8572 0.87176 0.88121 0.90651 0.89626 0.92375 0.90036 0.87749)
(6 0.87479 0.94227 0.95952 0.96989 0.99518 0.98506 1.01036 0.98748 0.96631)
(7 0.94751 1.02412 1.04108 1.05367 1.07926 1.06895 1.0908 1.07059 1.05078)
(8 0.9848 1.10007 1.117 1.12867 1.15771 1.1471 1.16726 1.14942 1.13119)
(9 1.01202 1.16314 1.18209 1.19824 1.23032 1.21917 1.23685 1.22189 1.20438)
(10 1.00654 1.21968 1.24894 1.28103 1.29305 1.28305 1.29156 1.28144 1.26559)
(11 1.04719 1.2897 1.32734 1.3413 1.33133 1.31618 1.31699 1.3074 1.29989)
(12 0.93389 1.35083 1.3662 1.36629 1.18758 1.18055 1.16891 1.29172 1.27925)
(13 0.92846 1.18239 1.1383 1.0625 1.14691 1.17657 1.16103 1.20553 1.20561)
(14 0.92299 1.01144 1.0621 1.09626 1.07581 1.16094 1.15998 1.17612 1.1703)
(15 0.9704 1.02237 1.05935 1.07589 1.1009 1.14647 1.1768 1.19172 1.19669)
(16 1.01458 1.07001 1.08409 1.08968 1.10651 1.1057 1.16578 1.17529 1.17937)
(18 1.10473 1.17875 1.17218 1.16079 1.16252 1.15726 1.198 1.23945 1.18392)
(20 1.17382 1.23356 1.23431 1.21747 1.22106 1.20876 1.21664 1.21072 1.21842)
(25 1.34485 1.39833 1.39606 1.38772 1.39251 1.39069 1.41565 1.41958 1.38192)
(29.6429 1.30876 1.35266 1.3509 1.34431 1.34721 1.34641 1.36767 1.37067 1.33985)
(34.2857 1.26707 1.30323 1.30184 1.29657 1.29822 1.29805 1.31611 1.31844 1.29311)
(38.9286 1.21372 1.24339 1.24228 1.23808 1.23881 1.23905 1.25432 1.25616 1.23541)
(43.5714 1.14595 1.17008 1.16919 1.16587 1.16591 1.16643 1.17923 1.1807 1.16385)
(48.2143 1.06301 1.08234 1.08163 1.07904 1.07857 1.07927 1.08988 1.09105 1.07756)
(52.8571 0.96546 0.98063 0.98007 0.9781 0.97727 0.97808 0.98671 0.98763 0.97706)
(57.5 0.85491 0.86647 0.86604 0.86459 0.86356 0.86439 0.87124 0.87194 0.8639)
(62.1429 0.73378 0.74226 0.74194 0.74092 0.73984 0.74062 0.74587 0.74639 0.7405)
(66.7857 0.60526 0.61114 0.61092 0.61023 0.60924 0.60991 0.61372 0.61409 0.61)
(71.4286 0.4731 0.47687 0.47672 0.4763 0.47549 0.47602 0.47857 0.47881 0.4762)
(76.0714 0.34161 0.34374 0.34365 0.34343 0.34287 0.34322 0.34472 0.34486 0.34339)
(80.7143 0.21553 0.21647 0.21643 0.21634 0.21605 0.21623 0.21693 0.21699 0.21634)
(85.3571 0.0999 0.10013 0.10012 0.1001 0.10002 0.10007 0.10025 0.10027 0.1001)
(90 0 0 0 0 0 0 0 0 0)
(94.6429 -0.06429 -0.06442 -0.06441 -0.06439 -0.06436 -0.06437 -0.06445 -0.06448 -0.06438)
(99.2857 -0.12977 -0.13029 -0.13024 -0.13014 -0.13004 -0.13007 -0.1304 -0.13051 -0.13012)
(103.929 -0.19489 -0.19605 -0.19594 -0.19572 -0.19549 -0.19556 -0.1963 -0.19655 -0.19567)
(108.571 -0.25822 -0.26031 -0.2601 -0.25972 -0.25931 -0.25942 -0.26076 -0.2612 -0.25962)
(113.214 -0.31855 -0.32185 -0.32151 -0.32091 -0.32026 -0.32044 -0.32255 -0.32325 -0.32076)
(117.857 -0.37486 -0.37968 -0.37919 -0.37831 -0.37737 -0.37763 -0.38071 -0.38173 -0.37809)
(122.5 -0.42646 -0.43315 -0.43247 -0.43125 -0.42994 -0.4303 -0.43458 -0.43598 -0.43094)
(127.143 -0.47303 -0.48196 -0.48106 -0.47942 -0.47767 -0.47815 -0.48387 -0.48575 -0.47901)
(131.786 -0.5147 -0.52633 -0.52515 -0.52302 -0.52074 -0.52137 -0.52882 -0.53126 -0.52248)
(136.429 -0.5522 -0.56707 -0.56557 -0.56285 -0.55993 -0.56073 -0.57025 -0.57338 -0.56215)
(141.071 -0.58708 -0.60589 -0.60399 -0.60055 -0.59686 -0.59787 -0.60992 -0.61387 -0.59967)
(145.714 -0.62208 -0.64574 -0.64336 -0.63902 -0.63438 -0.63566 -0.65081 -0.65579 -0.63792)
(150.357 -0.66183 -0.69165 -0.68865 -0.68318 -0.67734 -0.67894 -0.69804 -0.70431 -0.6818)
(155 -0.71439 -0.75234 -0.74851 -0.74156 -0.73412 -0.73616 -0.76047 -0.76845 -0.7398)
(156.786 -0.66336 -0.6986 -0.69505 -0.68859 -0.68168 -0.68358 -0.70615 -0.71356 -0.68695)
(158.571 -0.61233 -0.64486 -0.64158 -0.63562 -0.62925 -0.631 -0.65183 -0.65867 -0.63411)
(160.357 -0.56131 -0.59112 -0.58812 -0.58265 -0.57681 -0.57841 -0.59751 -0.60378 -0.58127)
(162.143 -0.51028 -0.53739 -0.53465 -0.52969 -0.52437 -0.52583 -0.54319 -0.54889 -0.52843)
(163.929 -0.45925 -0.48365 -0.48119 -0.47672 -0.47194 -0.47325 -0.48887 -0.494 -0.47558)
(165.714 -0.40822 -0.42991 -0.42772 -0.42375 -0.4195 -0.42067 -0.43455 -0.43912 -0.42274)
(167.5 -0.3572 -0.37617 -0.37426 -0.37078 -0.36706 -0.36808 -0.38023 -0.38423 -0.3699)
(169.286 -0.30617 -0.32243 -0.32079 -0.31781 -0.31462 -0.3155 -0.32591 -0.32934 -0.31706)
(171.071 -0.25514 -0.26869 -0.26733 -0.26484 -0.26219 -0.26292 -0.2716 -0.27445 -0.26421)
(172.857 -0.20411 -0.21495 -0.21386 -0.21187 -0.20975 -0.21033 -0.21728 -0.21956 -0.21137)
(174.643 -0.15308 -0.16122 -0.1604 -0.15891 -0.15731 -0.15775 -0.16296 -0.16467 -0.15853)
(176.429 -0.10206 -0.10748 -0.10693 -0.10594 -0.10487 -0.10517 -0.10864 -0.10978 -0.10569)
(178.214 -0.05103 -0.05374 -0.05347 -0.05297 -0.05244 -0.05258 -0.05432 -0.05489 -0.05284)
(180 0 0 0 0 0 0 0 0 0)
