// From Sheldahl and Klimas (1981)
// Re_c = 30000 50000 60000 75000 100000 125000 150000 200000 250000
// alpha_deg
(-180 0.1375 0.10903 0.0872 0.07623 0.06854 0.06848 0.07997 0.08835 0.05669)
(-178.214 0.1385 0.11004 0.08823 0.07726 0.06957 0.06951 0.081 0.08937 0.05773)
(-176.429 0.1415 0.11308 0.0913 0.08034 0.07267 0.07261 0.08408 0.09244 0.06084)
(-174.643 0.14648 0.11814 0.09641 0.08548 0.07782 0.07776 0.08921 0.09754 0.066)
(-172.857 0.15343 0.12518 0.10352 0.09263 0.085 0.08494 0.09635 0.10465 0.07321)
(-171.071 0.16232 0.13419 0.11263 0.10179 0.09419 0.09413 0.10548 0.11375 0.08243)
(-169.286 0.1731 0.14513 0.12368 0.1129 0.10534 0.10528 0.11657 0.12479 0.09362)
(-167.5 0.18575 0.15795 0.13664 0.12593 0.11842 0.11836 0.12958 0.13774 0.10674)
(-165.714 0.2002 0.17261 0.15146 0.14082 0.13337 0.13331 0.14444 0.15254 0.12174)
(-163.929 0.2164 0.18904 0.16807 0.15752 0.15013 0.15007 0.16111 0.16914 0.13856)
(-162.143 0.23429 0.20719 0.18641 0.17596 0.16864 0.16858 0.17951 0.18746 0.15714)
(-160.357 0.25378 0.22696 0.20641 0.19607 0.18883 0.18877 0.19958 0.20744 0.17739)
(-158.571 0.27481 0.2483 0.22799 0.21777 0.21061 0.21055 0.22123 0.22899 0.19925)
(-156.786 0.29728 0.27111 0.25105 0.24097 0.2339 0.23384 0.24439 0.25204 0.22263)
(-155 0.32111 0.29531 0.27553 0.26558 0.25861 0.25855 0.26894 0.27648 0.24743)
(-150.357 0.38871 0.36397 0.345 0.33546 0.32877 0.32872 0.33867 0.34588 0.31786)
(-145.714 0.46297 0.43944 0.42141 0.41234 0.40599 0.40593 0.41538 0.42221 0.39537)
(-141.071 0.54185 0.5197 0.50272 0.49418 0.4882 0.48814 0.49703 0.50342 0.47793)
(-136.429 0.62318 0.60255 0.58674 0.57879 0.57321 0.57316 0.58142 0.58733 0.56332)
(-131.786 0.70473 0.68576 0.67122 0.6639 0.65878 0.65873 0.6663 0.67169 0.6493)
(-127.143 0.78424 0.76705 0.75387 0.74725 0.7426 0.74255 0.74939 0.75422 0.73357)
(-122.5 0.85951 0.84421 0.83248 0.82659 0.82245 0.82241 0.82846 0.8327 0.8139)
(-117.857 0.92842 0.91511 0.90491 0.89979 0.89619 0.89615 0.90137 0.90499 0.88813)
(-113.214 0.98902 0.9778 0.9692 0.96487 0.96184 0.96179 0.96616 0.96913 0.9543)
(-108.571 1.03959 1.03052 1.02357 1.02007 1.01762 1.01758 1.02106 1.02335 1.01062)
(-103.929 1.07863 1.07178 1.06653 1.06389 1.06203 1.06199 1.06455 1.06615 1.05558)
(-99.2857 1.10498 1.10039 1.09687 1.0951 1.09385 1.09382 1.09544 1.09633 1.08797)
(-94.6429 1.11778 1.11548 1.11371 1.11282 1.1122 1.11216 1.11284 1.11301 1.10688)
(-90 1.11653 1.11653 1.11653 1.11653 1.11653 1.1165 1.11622 1.11567 1.11179)
(-85.3571 1.11778 1.11548 1.11371 1.11282 1.1122 1.11216 1.11284 1.11301 1.10688)
(-80.7143 1.10498 1.10039 1.09687 1.0951 1.09385 1.09382 1.09544 1.09633 1.08797)
(-76.0714 1.07863 1.07178 1.06653 1.06389 1.06203 1.06199 1.06455 1.06615 1.05558)
(-71.4286 1.03959 1.03052 1.02357 1.02007 1.01762 1.01758 1.02106 1.02335 1.01062)
(-66.7857 0.98902 0.9778 0.9692 0.96487 0.96184 0.96179 0.96616 0.96913 0.9543)
(-62.1429 0.92842 0.91511 0.90491 0.89979 0.89619 0.89615 0.90137 0.90499 0.88813)
(-57.5 0.85951 0.84421 0.83248 0.82659 0.82245 0.82241 0.82846 0.8327 0.8139)
(-52.8571 0.78424 0.76705 0.75387 0.74725 0.7426 0.74255 0.74939 0.75422 0.73357)
(-48.2143 0.70473 0.68576 0.67122 0.6639 0.65878 0.65873 0.6663 0.67169 0.6493)
(-43.5714 0.62318 0.60255 0.58674 0.57879 0.57321 0.57316 0.58142 0.58733 0.56332)
(-38.9286 0.54185 0.5197 0.50272 0.49418 0.4882 0.48814 0.49703 0.50342 0.47793)
(-34.2857 0.46297 0.43944 0.42141 0.41234 0.40599 0.40593 0.41538 0.42221 0.39537)
(-29.6429 0.38871 0.36397 0.345 0.33546 0.32877 0.32872 0.33867 0.34588 0.31786)
(-25 0.32111 0.29531 0.27553 0.26558 0.25861 0.25855 0.26894 0.27648 0.24743)
(-23.9286 0.31348 0.28672 0.268 0.2587 0.25156 0.25142 0.26105 0.26804 0.241)
(-22.8571 0.30586 0.27813 0.26048 0.25183 0.24451 0.24428 0.25315 0.25959 0.23458)
(-21.7857 0.29823 0.26954 0.25296 0.24495 0.23746 0.23715 0.24526 0.25115 0.22816)
(-20.7143 0.2906 0.26095 0.24543 0.23808 0.23042 0.23001 0.23736 0.24271 0.22174)
(-19.6429 0.28297 0.25237 0.23791 0.23121 0.22337 0.22288 0.22946 0.23426 0.21531)
(-18.5714 0.27534 0.24378 0.23039 0.22433 0.21632 0.21575 0.22157 0.22582 0.20889)
(-17.5 0.26772 0.23519 0.22286 0.21746 0.20927 0.20861 0.21367 0.21738 0.20247)
(-16.4286 0.26009 0.2266 0.21534 0.21058 0.20223 0.20148 0.20577 0.20893 0.19605)
(-15.3571 0.25246 0.21801 0.20782 0.20371 0.19518 0.19434 0.19788 0.20049 0.18962)
(-14.2857 0.24483 0.20942 0.20029 0.19683 0.18813 0.18721 0.18998 0.19205 0.1832)
(-13.2143 0.23721 0.20084 0.19277 0.18996 0.18108 0.18007 0.18208 0.1836 0.17678)
(-12.1429 0.22958 0.19225 0.18525 0.18309 0.17404 0.17294 0.17419 0.17516 0.17036)
(-10 0.25035 0.20282 0.19601 0.19375 0.1911 0.1845 0.17509 0.17553 0.17652)
(-8 0.21475 0.16485 0.15253 0.15001 0.14628 0.14121 0.13104 0.13442 0.1338)
(-6 0.1685 0.10678 0.09946 0.09522 0.10658 0.10061 0.09161 0.09003 0.08565)
(-4 0.12743 0.07525 0.06968 0.06207 0.06384 0.05735 0.05404 0.05282 0.04611)
(-2 0.11537 0.06261 0.05703 0.05054 0.0551 0.05003 0.05109 0.04698 0.04067)
(0 0.11451 0.06089 0.05488 0.04846 0.0552 0.04901 0.04929 0.04434 0.03833)
(1 0.11364 0.06061 0.05433 0.04822 0.05505 0.04854 0.05009 0.04521 0.03889)
(2 0.1156 0.05973 0.05408 0.04807 0.05455 0.04812 0.05086 0.04604 0.03944)
(3 0.11794 0.05993 0.05347 0.048 0.05352 0.04833 0.05121 0.04657 0.0399)
(4 0.11712 0.06094 0.05333 0.04798 0.05311 0.04867 0.05159 0.0471 0.04039)
(5 0.11686 0.06111 0.05399 0.04803 0.05351 0.0498 0.05276 0.04812 0.04131)
(6 0.11669 0.06409 0.05579 0.04871 0.0546 0.05112 0.05403 0.04923 0.04233)
(7 0.12291 0.06755 0.05854 0.0502 0.05823 0.05368 0.05585 0.05093 0.04414)
(8 0.15865 0.0695 0.06071 0.05156 0.06303 0.05719 0.05907 0.05374 0.04642)
(9 0.18243 0.07655 0.06699 0.05887 0.06808 0.06147 0.06322 0.05735 0.04948)
(10 0.21459 0.08809 0.07609 0.06397 0.07616 0.06682 0.06863 0.06137 0.05315)
(11 0.20742 0.09336 0.09798 0.08985 0.08671 0.08003 0.07945 0.06717 0.06032)
(12 0.26248 0.12687 0.12164 0.11887 0.18341 0.17755 0.18529 0.09245 0.09955)
(13 0.27611 0.2015 0.2415 0.28438 0.19127 0.19759 0.21904 0.19023 0.17473)
(14 0.32869 0.27082 0.29254 0.27974 0.30779 0.23532 0.25488 0.25305 0.21193)
(15 0.34574 0.32758 0.34092 0.33202 0.32929 0.26877 0.28496 0.27117 0.20224)
(16 0.35493 0.34894 0.3525 0.34825 0.34522 0.33754 0.33746 0.29806 0.23665)
(18 0.40305 0.38057 0.38219 0.38639 0.39251 0.38125 0.37296 0.34086 0.314)
(20 0.43137 0.42367 0.4235 0.41763 0.41501 0.40683 0.37879 0.3681 0.35015)
(25 0.43315 0.4071 0.38842 0.37902 0.37738 0.37568 0.38271 0.38766 0.35974)
(29.6429 0.54959 0.52542 0.50758 0.49857 0.49687 0.49545 0.50273 0.5073 0.47987)
(34.2857 0.66997 0.64774 0.63081 0.62225 0.62041 0.61927 0.62676 0.63097 0.60425)
(38.9286 0.78955 0.76925 0.75333 0.74527 0.74324 0.74239 0.75 0.75387 0.72808)
(43.5714 0.90388 0.88552 0.87069 0.86319 0.86092 0.86038 0.868 0.87156 0.84691)
(48.2143 1.00881 0.99236 0.97871 0.97182 0.96928 0.96905 0.97659 0.97983 0.95656)
(52.8571 1.10044 1.08588 1.0735 1.06727 1.06445 1.06453 1.07187 1.07478 1.05311)
(57.5 1.17523 1.16253 1.15148 1.14597 1.14292 1.14328 1.15028 1.15284 1.13296)
(62.1429 1.23007 1.21919 1.20956 1.20479 1.2016 1.20219 1.20868 1.21089 1.19298)
(66.7857 1.26244 1.25335 1.2452 1.2412 1.23804 1.23877 1.24456 1.24639 1.23061)
(71.4286 1.27064 1.26331 1.2567 1.25349 1.25054 1.25131 1.2562 1.25763 1.24411)
(76.0714 1.25417 1.2486 1.24357 1.24116 1.23867 1.23935 1.24312 1.24413 1.23298)
(80.7143 1.21477 1.21094 1.20755 1.20593 1.20415 1.20462 1.20707 1.20763 1.19891)
(85.3571 1.1595 1.15747 1.15575 1.15492 1.15405 1.15422 1.15524 1.15529 1.14904)
(90 1.11653 1.11653 1.11653 1.11653 1.11653 1.1165 1.11622 1.11567 1.11179)
(94.6429 1.11778 1.11548 1.11371 1.11282 1.1122 1.11216 1.11284 1.11301 1.10688)
(99.2857 1.10498 1.10039 1.09687 1.0951 1.09385 1.09382 1.09544 1.09633 1.08797)
(103.929 1.07863 1.07178 1.06653 1.06389 1.06203 1.06199 1.06455 1.06615 1.05558)
(108.571 1.03959 1.03052 1.02357 1.02007 1.01762 1.01758 1.02106 1.02335 1.01062)
(113.214 0.98902 0.9778 0.9692 0.96487 0.96184 0.96179 0.96616 0.96913 0.9543)
(117.857 0.92842 0.91511 0.90491 0.89979 0.89619 0.89615 0.90137 0.90499 0.88813)
(122.5 0.85951 0.84421 0.83248 0.82659 0.82245 0.82241 0.82846 0.8327 0.8139)
(127.143 0.78424 0.76705 0.75387 0.74725 0.7426 0.74255 0.74939 0.75422 0.73357)
(131.786 0.70473 0.68576 0.67122 0.6639 0.65878 0.65873 0.6663 0.67169 0.6493)
(136.429 0.62318 0.60255 0.58674 0.57879 0.57321 0.57316 0.58142 0.58733 0.56332)
(141.071 0.54185 0.5197 0.50272 0.49418 0.4882 0.48814 0.49703 0.50342 0.47793)
(145.714 0.46297 0.43944 0.42141 0.41234 0.40599 0.40593 0.41538 0.42221 0.39537)
(150.357 0.38871 0.36397 0.345 0.33546 0.32877 0.32872 0.33867 0.34588 0.31786)
(155 0.32111 0.29531 0.27553 0.26558 0.25861 0.25855 0.26894 0.27648 0.24743)
(156.786 0.29728 0.27111 0.25105 0.24097 0.2339 0.23384 0.24439 0.25204 0.22263)
(158.571 0.27481 0.2483 0.22799 0.21777 0.21061 0.21055 0.22123 0.22899 0.19925)
(160.357 0.25378 0.22696 0.20641 0.19607 0.18883 0.18877 0.19958 0.20744 0.17739)
(162.143 0.23429 0.20719 0.18641 0.17596 0.16864 0.16858 0.17951 0.18746 0.15714)
(163.929 0.2164 0.18904 0.16807 0.15752 0.15013 0.15007 0.16111 0.16914 0.13856)
(165.714 0.2002 0.17261 0.15146 0.14082 0.13337 0.13331 0.14444 0.15254 0.12174)
(167.5 0.18575 0.15795 0.13664 0.12593 0.11842 0.11836 0.12958 0.13774 0.10674)
(169.286 0.1731 0.14513 0.12368 0.1129 0.10534 0.10528 0.11657 0.12479 0.09362)
(171.071 0.16232 0.13419 0.11263 0.10179 0.09419 0.09413 0.10548 0.11375 0.08243)
(172.857 0.15343 0.12518 0.10352 0.09263 0.085 0.08494 0.09635 0.10465 0.07321)
(174.643 0.14648 0.11814 0.09641 0.08548 0.07782 0.07776 0.08921 0.09754 0.066)
(176.429 0.1415 0.11308 0.0913 0.08034 0.07267 0.07261 0.08408 0.09244 0.06084)
(178.214 0.1385 0.11004 0.08823 0.07726 0.06957 0.06951 0.081 0.08937 0.05773)
(180 0.1375 0.10903 0.0872 0.07623 0.06854 0.06848 0.07997 0.08835 0.05669)
