// From Sheldahl and Klimas (1981)
// Re_c = 30000 50000 60000 75000 100000 125000 150000 200000 250000
// alpha_deg
(-180 0 0 0 0 0 0 0 0 0)
(-178.214 0.05105 0.05376 0.05349 0.05299 0.05246 0.05261 0.05434 0.05491 0.05287)
(-176.429 0.1021 0.10753 0.10698 0.10598 0.10492 0.10521 0.10869 0.10983 0.10573)
(-174.643 0.15315 0.16129 0.16047 0.15898 0.15738 0.15782 0.16303 0.16474 0.1586)
(-172.857 0.2042 0.21505 0.21396 0.21197 0.20984 0.21043 0.21737 0.21966 0.21147)
(-171.071 0.25525 0.26881 0.26745 0.26496 0.2623 0.26303 0.27172 0.27457 0.26433)
(-169.286 0.30631 0.32258 0.32094 0.31795 0.31477 0.31564 0.32606 0.32949 0.3172)
(-167.5 0.35736 0.37634 0.37443 0.37095 0.36723 0.36825 0.38041 0.3844 0.37007)
(-165.714 0.40841 0.4301 0.42791 0.42394 0.41969 0.42086 0.43475 0.43931 0.42293)
(-163.929 0.45946 0.48387 0.4814 0.47693 0.47215 0.47346 0.48909 0.49423 0.4758)
(-162.143 0.51051 0.53763 0.53489 0.52992 0.52461 0.52607 0.54344 0.54914 0.52866)
(-160.357 0.56156 0.59139 0.58838 0.58292 0.57707 0.57868 0.59778 0.60406 0.58153)
(-158.571 0.61261 0.64515 0.64187 0.63591 0.62953 0.63128 0.65212 0.65897 0.6344)
(-156.786 0.66366 0.69892 0.69536 0.6889 0.68199 0.68389 0.70647 0.71389 0.68726)
(-155 0.71471 0.75268 0.74885 0.74189 0.73445 0.7365 0.76081 0.7688 0.74013)
(-150.357 0.66213 0.69197 0.68896 0.68349 0.67764 0.67925 0.69836 0.70463 0.68211)
(-145.714 0.62236 0.64604 0.64365 0.63931 0.63467 0.63595 0.65111 0.65609 0.63821)
(-141.071 0.58735 0.60616 0.60426 0.60082 0.59713 0.59814 0.61019 0.61415 0.59994)
(-136.429 0.55245 0.56733 0.56583 0.5631 0.56018 0.56099 0.57051 0.57364 0.56241)
(-131.786 0.51493 0.52656 0.52539 0.52326 0.52098 0.52161 0.52905 0.5315 0.52272)
(-127.143 0.47325 0.48218 0.48128 0.47964 0.47789 0.47837 0.48409 0.48597 0.47923)
(-122.5 0.42666 0.43334 0.43267 0.43144 0.43013 0.43049 0.43478 0.43618 0.43113)
(-117.857 0.37503 0.37985 0.37937 0.37848 0.37754 0.3778 0.38089 0.3819 0.37826)
(-113.214 0.31869 0.32199 0.32166 0.32105 0.32041 0.32059 0.3227 0.3234 0.3209)
(-108.571 0.25834 0.26043 0.26022 0.25984 0.25943 0.25954 0.26088 0.26132 0.25974)
(-103.929 0.19498 0.19614 0.19602 0.19581 0.19558 0.19565 0.19639 0.19664 0.19576)
(-99.2857 0.12983 0.13035 0.1303 0.1302 0.1301 0.13013 0.13046 0.13057 0.13018)
(-94.6429 0.06432 0.06445 0.06444 0.06442 0.06439 0.0644 0.06448 0.06451 0.06441)
(-90 0 0 0 0 0 0 0 0 0)
(-85.3571 -0.06432 -0.06445 -0.06444 -0.06442 -0.06439 -0.0644 -0.06448 -0.06451 -0.06441)
(-80.7143 -0.12983 -0.13035 -0.1303 -0.1302 -0.1301 -0.13013 -0.13046 -0.13057 -0.13018)
(-76.0714 -0.19498 -0.19614 -0.19602 -0.19581 -0.19558 -0.19565 -0.19639 -0.19664 -0.19576)
(-71.4286 -0.25834 -0.26043 -0.26022 -0.25984 -0.25943 -0.25954 -0.26088 -0.26132 -0.25974)
(-66.7857 -0.31869 -0.32199 -0.32166 -0.32105 -0.32041 -0.32059 -0.3227 -0.3234 -0.3209)
(-62.1429 -0.37503 -0.37985 -0.37937 -0.37848 -0.37754 -0.3778 -0.38089 -0.3819 -0.37826)
(-57.5 -0.42666 -0.43334 -0.43267 -0.43144 -0.43013 -0.43049 -0.43478 -0.43618 -0.43113)
(-52.8571 -0.47325 -0.48218 -0.48128 -0.47964 -0.47789 -0.47837 -0.48409 -0.48597 -0.47923)
(-48.2143 -0.51493 -0.52656 -0.52539 -0.52326 -0.52098 -0.52161 -0.52905 -0.5315 -0.52272)
(-43.5714 -0.55245 -0.56733 -0.56583 -0.5631 -0.56018 -0.56099 -0.57051 -0.57364 -0.56241)
(-38.9286 -0.58735 -0.60616 -0.60426 -0.60082 -0.59713 -0.59814 -0.61019 -0.61415 -0.59994)
(-34.2857 -0.62236 -0.64604 -0.64365 -0.63931 -0.63467 -0.63595 -0.65111 -0.65609 -0.63821)
(-29.6429 -0.66213 -0.69197 -0.68896 -0.68349 -0.67764 -0.67925 -0.69836 -0.70463 -0.68211)
(-25 -0.71471 -0.75268 -0.74885 -0.74189 -0.73445 -0.7365 -0.76081 -0.7688 -0.74013)
(-23.9286 -0.67661 -0.71518 -0.71282 -0.70646 -0.70033 -0.70222 -0.7259 -0.7343 -0.70803)
(-22.8571 -0.63851 -0.67768 -0.6768 -0.67104 -0.6662 -0.66795 -0.69098 -0.6998 -0.67593)
(-21.7857 -0.60041 -0.64019 -0.64077 -0.63561 -0.63207 -0.63367 -0.65607 -0.6653 -0.64382)
(-20.7143 -0.5623 -0.60269 -0.60474 -0.60018 -0.59794 -0.59939 -0.62116 -0.6308 -0.61172)
(-19.6429 -0.5242 -0.56519 -0.56871 -0.56475 -0.56381 -0.56512 -0.58624 -0.5963 -0.57962)
(-18.5714 -0.4861 -0.52769 -0.53268 -0.52932 -0.52968 -0.53084 -0.55133 -0.5618 -0.54752)
(-17.5 -0.448 -0.49019 -0.49666 -0.49389 -0.49556 -0.49657 -0.51641 -0.5273 -0.51541)
(-16.4286 -0.40989 -0.4527 -0.46063 -0.45846 -0.46143 -0.46229 -0.4815 -0.4928 -0.48331)
(-15.3571 -0.37179 -0.4152 -0.4246 -0.42303 -0.4273 -0.42801 -0.44658 -0.4583 -0.45121)
(-14.2857 -0.33369 -0.3777 -0.38857 -0.3876 -0.39317 -0.39374 -0.41167 -0.4238 -0.41911)
(-13.2143 -0.29559 -0.3402 -0.35255 -0.35217 -0.35904 -0.35946 -0.37675 -0.3893 -0.387)
(-12.1429 -0.25748 -0.3027 -0.31652 -0.31674 -0.32492 -0.32519 -0.34184 -0.3548 -0.3549)
(-10 -0.15233 -0.20541 -0.22372 -0.22626 -0.23162 -0.23588 -0.2586 -0.27193 -0.27542)
(-8 -0.21578 -0.25357 -0.27851 -0.27146 -0.30244 -0.3107 -0.34707 -0.3582 -0.36779)
(-6 -0.27464 -0.25764 -0.26432 -0.27077 -0.37628 -0.39391 -0.3614 -0.33034 -0.29378)
(-4 -0.0799 -0.03104 -0.02023 -0.00319 -0.11496 -0.09932 0.00419 0.01286 0.03194)
(-2 0.10248 0.17716 0.19095 0.20852 0.14188 0.18007 0.27378 0.25378 0.22789)
(0 0.3381 0.39368 0.4037 0.41127 0.39973 0.42337 0.46156 0.43716 0.41211)
(1 0.44021 0.49157 0.49887 0.50609 0.51337 0.52157 0.55908 0.53376 0.50847)
(2 0.53407 0.58432 0.59262 0.601 0.62338 0.61954 0.65656 0.63036 0.60477)
(3 0.61939 0.67376 0.68577 0.69577 0.71822 0.70845 0.747 0.7225 0.69733)
(4 0.69344 0.76347 0.77898 0.78864 0.80811 0.79722 0.8374 0.81457 0.7897)
(5 0.76888 0.84754 0.86341 0.8762 0.89037 0.88107 0.92113 0.89917 0.87685)
(6 0.8535 0.92752 0.94707 0.96164 0.97139 0.96458 1.00467 0.98359 0.96366)
(7 0.91589 1.00296 1.02202 1.04015 1.04623 1.04131 1.07937 1.06229 1.04423)
(8 0.92855 1.0701 1.08903 1.10625 1.11348 1.11011 1.14838 1.13485 1.119)
(9 0.92708 1.11912 1.14083 1.16467 1.1729 1.17051 1.20757 1.1983 1.18342)
(10 0.87974 1.15893 1.1951 1.24178 1.21901 1.2196 1.2455 1.24325 1.2307)
(11 0.89711 1.21774 1.2656 1.28707 1.23224 1.22622 1.24156 1.24008 1.23948)
(12 0.69847 1.26402 1.2805 1.28248 1.00057 0.99979 0.98958 1.17726 1.1696)
(13 0.65118 0.98716 0.92036 0.81322 0.90758 0.95516 0.93804 1.01343 1.02386)
(14 0.60384 0.70679 0.7735 0.82103 0.77366 0.89444 0.89624 0.93095 0.93298)
(15 0.63071 0.68241 0.72991 0.75235 0.76914 0.83533 0.88 0.91294 0.93043)
(16 0.66561 0.72224 0.73745 0.74444 0.75076 0.75243 0.83602 0.86057 0.8764)
(18 0.74113 0.82331 0.81016 0.79414 0.77886 0.77524 0.83135 0.8992 0.83147)
(20 0.79247 0.8551 0.85216 0.82934 0.81591 0.80386 0.81528 0.8168 0.83596)
(25 0.93791 0.99234 0.98605 0.9757 0.96112 0.96526 1.00249 1.01582 0.97402)
(29.6429 0.8528 0.89509 0.89014 0.88202 0.87079 0.87387 0.90271 0.91321 0.88068)
(34.2857 0.79212 0.82534 0.82141 0.81498 0.80623 0.80856 0.83114 0.83948 0.81389)
(38.9286 0.74296 0.76912 0.766 0.76089 0.75408 0.75584 0.77355 0.78018 0.76)
(43.5714 0.6977 0.71821 0.71575 0.71171 0.70647 0.70777 0.72159 0.72683 0.71099)
(48.2143 0.65163 0.66755 0.66563 0.66246 0.65849 0.65944 0.67009 0.67418 0.66187)
(52.8571 0.60182 0.61397 0.61249 0.61006 0.60713 0.60779 0.61584 0.61898 0.60958)
(57.5 0.54655 0.55559 0.55449 0.55266 0.55057 0.55101 0.55693 0.55928 0.55228)
(62.1429 0.48495 0.49143 0.49064 0.48931 0.4879 0.48816 0.49236 0.49405 0.48902)
(66.7857 0.41678 0.4212 0.42066 0.41975 0.41884 0.41899 0.42181 0.42296 0.41953)
(71.4286 0.34235 0.34514 0.3448 0.34422 0.34369 0.34376 0.34551 0.34623 0.34407)
(76.0714 0.26234 0.26389 0.2637 0.26337 0.26311 0.26313 0.26408 0.26449 0.26329)
(80.7143 0.17775 0.17843 0.17835 0.1782 0.1781 0.1781 0.17852 0.17869 0.17816)
(85.3571 0.08983 0.09 0.08998 0.08994 0.08992 0.08992 0.09002 0.09006 0.08993)
(90 0 0 0 0 0 0 0 0 0)
(94.6429 -0.06432 -0.06445 -0.06444 -0.06442 -0.06439 -0.0644 -0.06448 -0.06451 -0.06441)
(99.2857 -0.12983 -0.13035 -0.1303 -0.1302 -0.1301 -0.13013 -0.13046 -0.13057 -0.13018)
(103.929 -0.19498 -0.19614 -0.19602 -0.19581 -0.19558 -0.19565 -0.19639 -0.19664 -0.19576)
(108.571 -0.25834 -0.26043 -0.26022 -0.25984 -0.25943 -0.25954 -0.26088 -0.26132 -0.25974)
(113.214 -0.31869 -0.32199 -0.32166 -0.32105 -0.32041 -0.32059 -0.3227 -0.3234 -0.3209)
(117.857 -0.37503 -0.37985 -0.37937 -0.37848 -0.37754 -0.3778 -0.38089 -0.3819 -0.37826)
(122.5 -0.42666 -0.43334 -0.43267 -0.43144 -0.43013 -0.43049 -0.43478 -0.43618 -0.43113)
(127.143 -0.47325 -0.48218 -0.48128 -0.47964 -0.47789 -0.47837 -0.48409 -0.48597 -0.47923)
(131.786 -0.51493 -0.52656 -0.52539 -0.52326 -0.52098 -0.52161 -0.52905 -0.5315 -0.52272)
(136.429 -0.55245 -0.56733 -0.56583 -0.5631 -0.56018 -0.56099 -0.57051 -0.57364 -0.56241)
(141.071 -0.58735 -0.60616 -0.60426 -0.60082 -0.59713 -0.59814 -0.61019 -0.61415 -0.59994)
(145.714 -0.62236 -0.64604 -0.64365 -0.63931 -0.63467 -0.63595 -0.65111 -0.65609 -0.63821)
(150.357 -0.66213 -0.69197 -0.68896 -0.68349 -0.67764 -0.67925 -0.69836 -0.70463 -0.68211)
(155 -0.71471 -0.75268 -0.74885 -0.74189 -0.73445 -0.7365 -0.76081 -0.7688 -0.74013)
(156.786 -0.66366 -0.69892 -0.69536 -0.6889 -0.68199 -0.68389 -0.70647 -0.71389 -0.68726)
(158.571 -0.61261 -0.64515 -0.64187 -0.63591 -0.62953 -0.63128 -0.65212 -0.65897 -0.6344)
(160.357 -0.56156 -0.59139 -0.58838 -0.58292 -0.57707 -0.57868 -0.59778 -0.60406 -0.58153)
(162.143 -0.51051 -0.53763 -0.53489 -0.52992 -0.52461 -0.52607 -0.54344 -0.54914 -0.52866)
(163.929 -0.45946 -0.48387 -0.4814 -0.47693 -0.47215 -0.47346 -0.48909 -0.49423 -0.4758)
(165.714 -0.40841 -0.4301 -0.42791 -0.42394 -0.41969 -0.42086 -0.43475 -0.43931 -0.42293)
(167.5 -0.35736 -0.37634 -0.37443 -0.37095 -0.36723 -0.36825 -0.38041 -0.3844 -0.37007)
(169.286 -0.30631 -0.32258 -0.32094 -0.31795 -0.31477 -0.31564 -0.32606 -0.32949 -0.3172)
(171.071 -0.25525 -0.26881 -0.26745 -0.26496 -0.2623 -0.26303 -0.27172 -0.27457 -0.26433)
(172.857 -0.2042 -0.21505 -0.21396 -0.21197 -0.20984 -0.21043 -0.21737 -0.21966 -0.21147)
(174.643 -0.15315 -0.16129 -0.16047 -0.15898 -0.15738 -0.15782 -0.16303 -0.16474 -0.1586)
(176.429 -0.1021 -0.10753 -0.10698 -0.10598 -0.10492 -0.10521 -0.10869 -0.10983 -0.10573)
(178.214 -0.05105 -0.05376 -0.05349 -0.05299 -0.05246 -0.05261 -0.05434 -0.05491 -0.05287)
(180 0 0 0 0 0 0 0 0 0)
