// From Sheldahl and Klimas (1981)
// Re_c = 30000 50000 60000 75000 100000 125000 150000 200000 250000
// alpha_deg
(-180 0.10608 0.07677 0.05429 0.04299 0.03507 0.03505 0.04717 0.05636 0.02776)
(-178.214 0.10711 0.07781 0.05535 0.04405 0.03614 0.03611 0.04823 0.05741 0.02883)
(-176.429 0.1102 0.08094 0.05851 0.04723 0.03933 0.0393 0.0514 0.06057 0.03203)
(-174.643 0.11533 0.08614 0.06377 0.05252 0.04463 0.04461 0.05667 0.06582 0.03735)
(-172.857 0.12248 0.0934 0.0711 0.05988 0.05203 0.052 0.06403 0.07315 0.04477)
(-171.071 0.13163 0.10267 0.08047 0.06931 0.06148 0.06146 0.07343 0.08251 0.05426)
(-169.286 0.14274 0.11393 0.09185 0.08075 0.07297 0.07294 0.08485 0.09388 0.06578)
(-167.5 0.15575 0.12714 0.1052 0.09416 0.08643 0.08641 0.09824 0.10721 0.07929)
(-165.714 0.17063 0.14223 0.12045 0.1095 0.10182 0.1018 0.11355 0.12245 0.09473)
(-163.929 0.18731 0.15915 0.13755 0.12669 0.11908 0.11906 0.13071 0.13954 0.11205)
(-162.143 0.20573 0.17782 0.15643 0.14568 0.13814 0.13812 0.14965 0.1584 0.13118)
(-160.357 0.2258 0.19819 0.17702 0.16638 0.15892 0.1589 0.17031 0.17897 0.15203)
(-158.571 0.24745 0.22016 0.19924 0.18872 0.18135 0.18132 0.19261 0.20116 0.17454)
(-156.786 0.27058 0.24364 0.22299 0.2126 0.20533 0.2053 0.21644 0.22489 0.1986)
(-155 0.29512 0.26855 0.24819 0.23794 0.23077 0.23074 0.24173 0.25006 0.22413)
(-150.357 0.36472 0.33924 0.31971 0.30989 0.30301 0.30298 0.31352 0.32151 0.29665)
(-145.714 0.44117 0.41695 0.39838 0.38905 0.3825 0.38248 0.3925 0.40009 0.37646)
(-141.071 0.52238 0.49958 0.4821 0.47331 0.46715 0.46712 0.47655 0.4837 0.46145)
(-136.429 0.60612 0.58488 0.5686 0.56041 0.55468 0.55466 0.56344 0.5701 0.54938)
(-131.786 0.69008 0.67055 0.65558 0.64805 0.64277 0.64275 0.65083 0.65695 0.63789)
(-127.143 0.77195 0.75425 0.74068 0.73386 0.72908 0.72906 0.73638 0.74193 0.72466)
(-122.5 0.84944 0.83369 0.82161 0.81554 0.81129 0.81127 0.81779 0.82272 0.80736)
(-117.857 0.92039 0.90669 0.89619 0.89091 0.88721 0.88719 0.89286 0.89715 0.88379)
(-113.214 0.98278 0.97123 0.96237 0.95792 0.95479 0.95478 0.95956 0.96318 0.95191)
(-108.571 1.03484 1.02551 1.01835 1.01475 1.01223 1.01222 1.01608 1.01901 1.0099)
(-103.929 1.07505 1.06799 1.06258 1.05986 1.05795 1.05795 1.06087 1.06308 1.05619)
(-99.2857 1.10217 1.09744 1.09382 1.09199 1.09072 1.09071 1.09267 1.09415 1.08953)
(-94.6429 1.11535 1.11298 1.11116 1.11024 1.1096 1.1096 1.11058 1.11132 1.10901)
(-90 1.11406 1.11406 1.11406 1.11406 1.11406 1.11406 1.11406 1.11406 1.11406)
(-85.3571 1.11535 1.11298 1.11116 1.11024 1.1096 1.1096 1.11058 1.11132 1.10901)
(-80.7143 1.10217 1.09744 1.09382 1.09199 1.09072 1.09071 1.09267 1.09415 1.08953)
(-76.0714 1.07505 1.06799 1.06258 1.05986 1.05795 1.05795 1.06087 1.06308 1.05619)
(-71.4286 1.03484 1.02551 1.01835 1.01475 1.01223 1.01222 1.01608 1.01901 1.0099)
(-66.7857 0.98278 0.97123 0.96237 0.95792 0.95479 0.95478 0.95956 0.96318 0.95191)
(-62.1429 0.92039 0.90669 0.89619 0.89091 0.88721 0.88719 0.89286 0.89715 0.88379)
(-57.5 0.84944 0.83369 0.82161 0.81554 0.81129 0.81127 0.81779 0.82272 0.80736)
(-52.8571 0.77195 0.75425 0.74068 0.73386 0.72908 0.72906 0.73638 0.74193 0.72466)
(-48.2143 0.69008 0.67055 0.65558 0.64805 0.64277 0.64275 0.65083 0.65695 0.63789)
(-43.5714 0.60612 0.58488 0.5686 0.56041 0.55468 0.55466 0.56344 0.5701 0.54938)
(-38.9286 0.52238 0.49958 0.4821 0.47331 0.46715 0.46712 0.47655 0.4837 0.46145)
(-34.2857 0.44117 0.41695 0.39838 0.38905 0.3825 0.38248 0.3925 0.40009 0.37646)
(-29.6429 0.36472 0.33924 0.31971 0.30989 0.30301 0.30298 0.31352 0.32151 0.29665)
(-25 0.29512 0.26855 0.24819 0.23794 0.23077 0.23074 0.24173 0.25006 0.22413)
(-23.9286 0.28727 0.25971 0.24044 0.23087 0.22351 0.2234 0.2336 0.24136 0.21752)
(-22.8571 0.27941 0.25087 0.23269 0.22379 0.21625 0.21605 0.22547 0.23267 0.21091)
(-21.7857 0.27156 0.24203 0.22495 0.21671 0.209 0.20871 0.21734 0.22398 0.2043)
(-20.7143 0.26371 0.23318 0.2172 0.20963 0.20174 0.20136 0.20921 0.21528 0.19769)
(-19.6429 0.25585 0.22434 0.20946 0.20256 0.19449 0.19402 0.20108 0.20659 0.19107)
(-18.5714 0.248 0.2155 0.20171 0.19548 0.18723 0.18667 0.19295 0.1979 0.18446)
(-17.5 0.24015 0.20666 0.19397 0.1884 0.17998 0.17933 0.18482 0.1892 0.17785)
(-16.4286 0.23229 0.19781 0.18622 0.18132 0.17272 0.17198 0.17669 0.18051 0.17124)
(-15.3571 0.22444 0.18897 0.17847 0.17424 0.16546 0.16464 0.16856 0.17182 0.16462)
(-14.2857 0.21659 0.18013 0.17073 0.16717 0.15821 0.15729 0.16043 0.16312 0.15801)
(-13.2143 0.20873 0.17129 0.16298 0.16009 0.15095 0.14995 0.1523 0.15443 0.1514)
(-12.1429 0.20088 0.16245 0.15524 0.15301 0.1437 0.1426 0.14417 0.14574 0.14479)
(-10 0.17125 0.13404 0.12977 0.12942 0.11714 0.11793 0.12146 0.12168 0.12422)
(-8 0.16448 0.122 0.11232 0.11061 0.10011 0.10224 0.10514 0.10832 0.11006)
(-6 0.13969 0.07954 0.07316 0.0706 0.08186 0.08306 0.08021 0.07496 0.06932)
(-4 0.09728 0.04422 0.03834 0.03025 0.03435 0.03057 0.02603 0.02324 0.01725)
(-2 0.08534 0.0301 0.02412 0.01706 0.02294 0.01797 0.01742 0.01357 0.0111)
(0 0.08241 0.02721 0.02101 0.0144 0.02135 0.015 0.01558 0.01105 0.00886)
(1 0.08139 0.02691 0.02055 0.01422 0.0211 0.01468 0.01627 0.01183 0.00934)
(2 0.08356 0.02615 0.02039 0.01411 0.02063 0.01435 0.01698 0.01262 0.00983)
(3 0.08626 0.02651 0.01984 0.01406 0.01991 0.01482 0.01747 0.01322 0.01037)
(4 0.08575 0.02762 0.0197 0.01407 0.01974 0.01527 0.01795 0.01383 0.01092)
(5 0.08551 0.02781 0.02043 0.01417 0.02024 0.01641 0.01927 0.015 0.01196)
(6 0.08503 0.03076 0.02217 0.01482 0.02115 0.01755 0.02057 0.01616 0.01303)
(7 0.09095 0.03399 0.02472 0.01616 0.02436 0.01972 0.02229 0.01781 0.01481)
(8 0.12649 0.03534 0.02633 0.01705 0.02834 0.02252 0.02519 0.02037 0.01688)
(9 0.14852 0.04133 0.03161 0.02359 0.03202 0.02563 0.02859 0.02337 0.01937)
(10 0.17711 0.05119 0.03929 0.02776 0.03804 0.02915 0.03244 0.02604 0.02179)
(11 0.16508 0.05438 0.06001 0.05229 0.04519 0.03913 0.04007 0.02869 0.02623)
(12 0.20949 0.08576 0.0805 0.07786 0.13326 0.12792 0.13634 0.04826 0.06008)
(13 0.21323 0.1469 0.18518 0.22532 0.13072 0.13956 0.16172 0.13658 0.12595)
(14 0.25529 0.19786 0.22262 0.21143 0.23629 0.16703 0.18786 0.18931 0.15214)
(15 0.26261 0.24386 0.25938 0.25122 0.247 0.18824 0.20763 0.19707 0.13222)
(16 0.26308 0.25713 0.26102 0.25691 0.25178 0.24438 0.24907 0.21196 0.15496)
(18 0.29424 0.273 0.27313 0.27637 0.27869 0.26752 0.26285 0.23655 0.21004)
(20 0.30268 0.29554 0.29435 0.28665 0.27922 0.27091 0.2433 0.23493 0.22362)
(25 0.25183 0.22536 0.20456 0.19411 0.18487 0.18548 0.19777 0.2071 0.18074)
(29.6429 0.30256 0.27686 0.25689 0.24686 0.23806 0.23856 0.25013 0.25914 0.23405)
(34.2857 0.36119 0.33647 0.31747 0.30794 0.29965 0.30005 0.31082 0.31943 0.29575)
(38.9286 0.42667 0.40315 0.38526 0.37629 0.36859 0.36888 0.37881 0.38693 0.3648)
(43.5714 0.49766 0.47554 0.45888 0.45052 0.44351 0.44368 0.4527 0.46027 0.4398)
(48.2143 0.57259 0.55208 0.53676 0.52907 0.52279 0.52284 0.53093 0.53789 0.51917)
(52.8571 0.64977 0.63105 0.61718 0.6102 0.60471 0.60465 0.61177 0.61807 0.60119)
(57.5 0.72744 0.71069 0.69835 0.69213 0.68746 0.68729 0.69344 0.69902 0.68407)
(62.1429 0.80383 0.78919 0.77847 0.77305 0.7692 0.76894 0.77411 0.77895 0.76599)
(66.7857 0.87713 0.86476 0.85572 0.85114 0.84807 0.84776 0.85199 0.85605 0.84514)
(71.4286 0.94557 0.93556 0.92827 0.92456 0.92223 0.92191 0.92522 0.92848 0.91968)
(76.0714 1.00722 0.99967 0.99417 0.99136 0.9897 0.98942 0.99187 0.9943 0.98765)
(80.7143 1.05975 1.05473 1.05105 1.04917 1.0481 1.0479 1.04953 1.05114 1.04667)
(85.3571 1.09923 1.09675 1.09491 1.09398 1.09343 1.09335 1.0942 1.09499 1.09272)
(90 1.11406 1.11406 1.11406 1.11406 1.11406 1.11406 1.11406 1.11406 1.11406)
(94.6429 1.11535 1.11298 1.11116 1.11024 1.1096 1.1096 1.11058 1.11132 1.10901)
(99.2857 1.10217 1.09744 1.09382 1.09199 1.09072 1.09071 1.09267 1.09415 1.08953)
(103.929 1.07505 1.06799 1.06258 1.05986 1.05795 1.05795 1.06087 1.06308 1.05619)
(108.571 1.03484 1.02551 1.01835 1.01475 1.01223 1.01222 1.01608 1.01901 1.0099)
(113.214 0.98278 0.97123 0.96237 0.95792 0.95479 0.95478 0.95956 0.96318 0.95191)
(117.857 0.92039 0.90669 0.89619 0.89091 0.88721 0.88719 0.89286 0.89715 0.88379)
(122.5 0.84944 0.83369 0.82161 0.81554 0.81129 0.81127 0.81779 0.82272 0.80736)
(127.143 0.77195 0.75425 0.74068 0.73386 0.72908 0.72906 0.73638 0.74193 0.72466)
(131.786 0.69008 0.67055 0.65558 0.64805 0.64277 0.64275 0.65083 0.65695 0.63789)
(136.429 0.60612 0.58488 0.5686 0.56041 0.55468 0.55466 0.56344 0.5701 0.54938)
(141.071 0.52238 0.49958 0.4821 0.47331 0.46715 0.46712 0.47655 0.4837 0.46145)
(145.714 0.44117 0.41695 0.39838 0.38905 0.3825 0.38248 0.3925 0.40009 0.37646)
(150.357 0.36472 0.33924 0.31971 0.30989 0.30301 0.30298 0.31352 0.32151 0.29665)
(155 0.29512 0.26855 0.24819 0.23794 0.23077 0.23074 0.24173 0.25006 0.22413)
(156.786 0.27058 0.24364 0.22299 0.2126 0.20533 0.2053 0.21644 0.22489 0.1986)
(158.571 0.24745 0.22016 0.19924 0.18872 0.18135 0.18132 0.19261 0.20116 0.17454)
(160.357 0.2258 0.19819 0.17702 0.16638 0.15892 0.1589 0.17031 0.17897 0.15203)
(162.143 0.20573 0.17782 0.15643 0.14568 0.13814 0.13812 0.14965 0.1584 0.13118)
(163.929 0.18731 0.15915 0.13755 0.12669 0.11908 0.11906 0.13071 0.13954 0.11205)
(165.714 0.17063 0.14223 0.12045 0.1095 0.10182 0.1018 0.11355 0.12245 0.09473)
(167.5 0.15575 0.12714 0.1052 0.09416 0.08643 0.08641 0.09824 0.10721 0.07929)
(169.286 0.14274 0.11393 0.09185 0.08075 0.07297 0.07294 0.08485 0.09388 0.06578)
(171.071 0.13163 0.10267 0.08047 0.06931 0.06148 0.06146 0.07343 0.08251 0.05426)
(172.857 0.12248 0.0934 0.0711 0.05988 0.05203 0.052 0.06403 0.07315 0.04477)
(174.643 0.11533 0.08614 0.06377 0.05252 0.04463 0.04461 0.05667 0.06582 0.03735)
(176.429 0.1102 0.08094 0.05851 0.04723 0.03933 0.0393 0.0514 0.06057 0.03203)
(178.214 0.10711 0.07781 0.05535 0.04405 0.03614 0.03611 0.04823 0.05741 0.02883)
(180 0.10608 0.07677 0.05429 0.04299 0.03507 0.03505 0.04717 0.05636 0.02776)
