// From Sheldahl and Klimas (1981)
// Re_c = 30000 50000 60000 75000 100000 125000 150000 200000 250000
// alpha_deg
(-180 0.19701 0.17014 0.14953 0.13917 0.13191 0.13179 0.14211 0.14893 0.11149)
(-178.214 0.19796 0.17109 0.1505 0.14014 0.13289 0.13277 0.14308 0.1499 0.11247)
(-176.429 0.20079 0.17396 0.1534 0.14306 0.13581 0.13569 0.14598 0.1528 0.1154)
(-174.643 0.20549 0.17873 0.15822 0.1479 0.14067 0.14055 0.15082 0.15761 0.12028)
(-172.857 0.21205 0.18538 0.16494 0.15466 0.14745 0.14733 0.15756 0.16432 0.12708)
(-171.071 0.22044 0.19389 0.17353 0.1633 0.15613 0.15601 0.16619 0.17291 0.13578)
(-169.286 0.23062 0.20421 0.18397 0.17379 0.16665 0.16654 0.17666 0.18334 0.14635)
(-167.5 0.24256 0.21632 0.1962 0.18609 0.179 0.17888 0.18893 0.19556 0.15873)
(-165.714 0.2562 0.23016 0.21019 0.20015 0.19311 0.19299 0.20296 0.20953 0.17289)
(-163.929 0.27149 0.24567 0.22587 0.21591 0.20894 0.20882 0.2187 0.22519 0.18877)
(-162.143 0.28838 0.26279 0.24318 0.23332 0.22641 0.22629 0.23607 0.24249 0.20631)
(-160.357 0.30678 0.28147 0.26206 0.2523 0.24546 0.24535 0.25501 0.26135 0.22543)
(-158.571 0.32663 0.30161 0.28243 0.27278 0.26603 0.26591 0.27545 0.2817 0.24606)
(-156.786 0.34784 0.32314 0.30421 0.29468 0.28801 0.28789 0.29731 0.30345 0.26813)
(-155 0.37034 0.34598 0.32731 0.31792 0.31134 0.31122 0.32049 0.32653 0.29154)
(-150.357 0.43415 0.41079 0.39289 0.38388 0.37757 0.37745 0.38631 0.39204 0.35802)
(-145.714 0.50425 0.48204 0.46502 0.45646 0.45046 0.45034 0.45873 0.46409 0.4312)
(-141.071 0.57871 0.5578 0.54177 0.53371 0.52806 0.52795 0.5358 0.54075 0.50913)
(-136.429 0.65549 0.63602 0.62109 0.61358 0.60832 0.60821 0.61546 0.61997 0.58974)
(-131.786 0.73247 0.71456 0.70083 0.69393 0.68909 0.68898 0.69559 0.6996 0.6709)
(-127.143 0.80753 0.7913 0.77886 0.77261 0.76822 0.76811 0.77402 0.77751 0.75046)
(-122.5 0.87858 0.86414 0.85307 0.8475 0.8436 0.84349 0.84866 0.85159 0.82628)
(-117.857 0.94363 0.93107 0.92144 0.9166 0.91321 0.9131 0.9175 0.91983 0.89636)
(-113.214 1.00084 0.99025 0.98212 0.97804 0.97518 0.97507 0.97865 0.98038 0.95882)
(-108.571 1.04857 1.04001 1.03345 1.03015 1.02784 1.02773 1.03047 1.03156 1.01199)
(-103.929 1.08543 1.07896 1.074 1.07151 1.06976 1.06966 1.07154 1.07197 1.05443)
(-99.2857 1.1103 1.10597 1.10264 1.10097 1.0998 1.0997 1.10069 1.10046 1.085)
(-94.6429 1.12239 1.12021 1.11854 1.1177 1.11712 1.11702 1.11712 1.1162 1.10286)
(-90 1.12121 1.12121 1.12121 1.12121 1.12121 1.12111 1.12031 1.11871 1.10749)
(-85.3571 1.12239 1.12021 1.11854 1.1177 1.11712 1.11702 1.11712 1.1162 1.10286)
(-80.7143 1.1103 1.10597 1.10264 1.10097 1.0998 1.0997 1.10069 1.10046 1.085)
(-76.0714 1.08543 1.07896 1.074 1.07151 1.06976 1.06966 1.07154 1.07197 1.05443)
(-71.4286 1.04857 1.04001 1.03345 1.03015 1.02784 1.02773 1.03047 1.03156 1.01199)
(-66.7857 1.00084 0.99025 0.98212 0.97804 0.97518 0.97507 0.97865 0.98038 0.95882)
(-62.1429 0.94363 0.93107 0.92144 0.9166 0.91321 0.9131 0.9175 0.91983 0.89636)
(-57.5 0.87858 0.86414 0.85307 0.8475 0.8436 0.84349 0.84866 0.85159 0.82628)
(-52.8571 0.80753 0.7913 0.77886 0.77261 0.76822 0.76811 0.77402 0.77751 0.75046)
(-48.2143 0.73247 0.71456 0.70083 0.69393 0.68909 0.68898 0.69559 0.6996 0.6709)
(-43.5714 0.65549 0.63602 0.62109 0.61358 0.60832 0.60821 0.61546 0.61997 0.58974)
(-38.9286 0.57871 0.5578 0.54177 0.53371 0.52806 0.52795 0.5358 0.54075 0.50913)
(-34.2857 0.50425 0.48204 0.46502 0.45646 0.45046 0.45034 0.45873 0.46409 0.4312)
(-29.6429 0.43415 0.41079 0.39289 0.38388 0.37757 0.37745 0.38631 0.39204 0.35802)
(-25 0.37034 0.34598 0.32731 0.31792 0.31134 0.31122 0.32049 0.32653 0.29154)
(-23.9286 0.36314 0.33787 0.3202 0.31143 0.30468 0.30448 0.31304 0.31856 0.28548)
(-22.8571 0.35594 0.32977 0.3131 0.30494 0.29803 0.29775 0.30558 0.31059 0.27941)
(-21.7857 0.34874 0.32166 0.306 0.29845 0.29138 0.29101 0.29813 0.30262 0.27335)
(-20.7143 0.34154 0.31355 0.2989 0.29196 0.28472 0.28428 0.29067 0.29465 0.26729)
(-19.6429 0.33434 0.30544 0.2918 0.28547 0.27807 0.27755 0.28322 0.28668 0.26123)
(-18.5714 0.32714 0.29734 0.2847 0.27898 0.27142 0.27081 0.27577 0.27871 0.25516)
(-17.5 0.31994 0.28923 0.27759 0.27249 0.26477 0.26408 0.26831 0.27073 0.2491)
(-16.4286 0.31273 0.28112 0.27049 0.266 0.25811 0.25734 0.26086 0.26276 0.24304)
(-15.3571 0.30553 0.27302 0.26339 0.25951 0.25146 0.25061 0.2534 0.25479 0.23698)
(-14.2857 0.29833 0.26491 0.25629 0.25302 0.24481 0.24387 0.24595 0.24682 0.23091)
(-13.2143 0.29113 0.2568 0.24919 0.24653 0.23816 0.23714 0.2385 0.23885 0.22485)
(-12.1429 0.28393 0.24869 0.24208 0.24004 0.2315 0.2304 0.23104 0.23088 0.21879)
(-10 0.30596 0.26054 0.25398 0.25175 0.24971 0.24305 0.23302 0.23239 0.22588)
(-8 0.27094 0.22341 0.21164 0.20921 0.20601 0.20082 0.19006 0.19221 0.18414)
(-6 0.22619 0.16777 0.16081 0.15672 0.16747 0.16142 0.15209 0.14972 0.13827)
(-4 0.18743 0.13815 0.13289 0.12572 0.12728 0.12096 0.11736 0.11523 0.10148)
(-2 0.17602 0.12627 0.12101 0.1149 0.11915 0.11429 0.11484 0.10989 0.09638)
(0 0.17531 0.1247 0.11902 0.11296 0.11933 0.11341 0.11314 0.10739 0.09416)
(1 0.1745 0.12443 0.11849 0.11273 0.11918 0.11296 0.1139 0.10821 0.09469)
(2 0.17633 0.12359 0.11825 0.11258 0.11871 0.11256 0.11464 0.10901 0.09521)
(3 0.17853 0.12377 0.11768 0.11252 0.11772 0.11275 0.11496 0.1095 0.09564)
(4 0.17774 0.12473 0.11754 0.1125 0.11733 0.11307 0.11532 0.11 0.0961)
(5 0.1775 0.12488 0.11816 0.11254 0.1177 0.11413 0.11641 0.11095 0.09696)
(6 0.17735 0.1277 0.11987 0.11319 0.11874 0.11539 0.11761 0.112 0.09793)
(7 0.18325 0.13099 0.12248 0.11461 0.12219 0.11782 0.11933 0.11361 0.09964)
(8 0.21704 0.13286 0.12455 0.11592 0.12677 0.12118 0.1224 0.11628 0.10181)
(9 0.23961 0.13957 0.13054 0.12285 0.13161 0.12528 0.12635 0.11973 0.10473)
(10 0.27018 0.15056 0.13921 0.12772 0.13934 0.13043 0.13154 0.12358 0.10826)
(11 0.26363 0.15564 0.15996 0.15225 0.14948 0.14307 0.14192 0.12922 0.11517)
(12 0.31619 0.18742 0.18248 0.17986 0.24131 0.23567 0.24244 0.15339 0.15251)
(13 0.32955 0.25861 0.29651 0.33719 0.24922 0.25502 0.27473 0.24628 0.22402)
(14 0.37975 0.32502 0.34541 0.33324 0.3599 0.29118 0.30908 0.30614 0.25971)
(15 0.39634 0.37919 0.3917 0.38325 0.38074 0.32338 0.33801 0.32377 0.25104)
(16 0.40543 0.39977 0.40312 0.3991 0.39633 0.38899 0.38816 0.34976 0.28412)
(18 0.45173 0.43041 0.43202 0.43604 0.442 0.43129 0.42275 0.39108 0.3583)
(20 0.47944 0.47214 0.47203 0.46657 0.46431 0.45652 0.42947 0.41821 0.39355)
(25 0.48363 0.45901 0.44146 0.43262 0.43143 0.42965 0.43552 0.43894 0.4051)
(29.6429 0.59682 0.57405 0.55727 0.54881 0.54754 0.54604 0.5522 0.55525 0.52184)
(34.2857 0.71356 0.69265 0.67674 0.6687 0.66727 0.66606 0.67245 0.67518 0.64239)
(38.9286 0.82916 0.81013 0.79517 0.78759 0.78595 0.78503 0.79158 0.79399 0.76206)
(43.5714 0.93931 0.92213 0.9082 0.90114 0.89923 0.89862 0.90523 0.90735 0.87648)
(48.2143 1.03993 1.02458 1.01175 1.00528 1.00305 1.00276 1.00934 1.01116 0.98158)
(52.8571 1.12725 1.11368 1.10204 1.09619 1.09365 1.09367 1.1001 1.10163 1.07354)
(57.5 1.19782 1.18599 1.17562 1.17044 1.16763 1.16793 1.17406 1.17529 1.14889)
(62.1429 1.24864 1.23852 1.22947 1.225 1.22202 1.22255 1.22822 1.22914 1.2046)
(66.7857 1.2773 1.26886 1.2612 1.25745 1.25445 1.25513 1.26015 1.26073 1.23821)
(71.4286 1.28219 1.27539 1.26917 1.26616 1.26335 1.26407 1.26823 1.26845 1.24808)
(76.0714 1.26292 1.25774 1.25302 1.25075 1.24836 1.24899 1.25209 1.25193 1.2338)
(80.7143 1.22131 1.21775 1.21456 1.21303 1.21132 1.21173 1.21357 1.21299 1.19718)
(85.3571 1.16457 1.16267 1.16105 1.16027 1.15943 1.15955 1.15999 1.15896 1.14548)
(90 1.12121 1.12121 1.12121 1.12121 1.12121 1.12111 1.12031 1.11871 1.10749)
(94.6429 1.12239 1.12021 1.11854 1.1177 1.11712 1.11702 1.11712 1.1162 1.10286)
(99.2857 1.1103 1.10597 1.10264 1.10097 1.0998 1.0997 1.10069 1.10046 1.085)
(103.929 1.08543 1.07896 1.074 1.07151 1.06976 1.06966 1.07154 1.07197 1.05443)
(108.571 1.04857 1.04001 1.03345 1.03015 1.02784 1.02773 1.03047 1.03156 1.01199)
(113.214 1.00084 0.99025 0.98212 0.97804 0.97518 0.97507 0.97865 0.98038 0.95882)
(117.857 0.94363 0.93107 0.92144 0.9166 0.91321 0.9131 0.9175 0.91983 0.89636)
(122.5 0.87858 0.86414 0.85307 0.8475 0.8436 0.84349 0.84866 0.85159 0.82628)
(127.143 0.80753 0.7913 0.77886 0.77261 0.76822 0.76811 0.77402 0.77751 0.75046)
(131.786 0.73247 0.71456 0.70083 0.69393 0.68909 0.68898 0.69559 0.6996 0.6709)
(136.429 0.65549 0.63602 0.62109 0.61358 0.60832 0.60821 0.61546 0.61997 0.58974)
(141.071 0.57871 0.5578 0.54177 0.53371 0.52806 0.52795 0.5358 0.54075 0.50913)
(145.714 0.50425 0.48204 0.46502 0.45646 0.45046 0.45034 0.45873 0.46409 0.4312)
(150.357 0.43415 0.41079 0.39289 0.38388 0.37757 0.37745 0.38631 0.39204 0.35802)
(155 0.37034 0.34598 0.32731 0.31792 0.31134 0.31122 0.32049 0.32653 0.29154)
(156.786 0.34784 0.32314 0.30421 0.29468 0.28801 0.28789 0.29731 0.30345 0.26813)
(158.571 0.32663 0.30161 0.28243 0.27278 0.26603 0.26591 0.27545 0.2817 0.24606)
(160.357 0.30678 0.28147 0.26206 0.2523 0.24546 0.24535 0.25501 0.26135 0.22543)
(162.143 0.28838 0.26279 0.24318 0.23332 0.22641 0.22629 0.23607 0.24249 0.20631)
(163.929 0.27149 0.24567 0.22587 0.21591 0.20894 0.20882 0.2187 0.22519 0.18877)
(165.714 0.2562 0.23016 0.21019 0.20015 0.19311 0.19299 0.20296 0.20953 0.17289)
(167.5 0.24256 0.21632 0.1962 0.18609 0.179 0.17888 0.18893 0.19556 0.15873)
(169.286 0.23062 0.20421 0.18397 0.17379 0.16665 0.16654 0.17666 0.18334 0.14635)
(171.071 0.22044 0.19389 0.17353 0.1633 0.15613 0.15601 0.16619 0.17291 0.13578)
(172.857 0.21205 0.18538 0.16494 0.15466 0.14745 0.14733 0.15756 0.16432 0.12708)
(174.643 0.20549 0.17873 0.15822 0.1479 0.14067 0.14055 0.15082 0.15761 0.12028)
(176.429 0.20079 0.17396 0.1534 0.14306 0.13581 0.13569 0.14598 0.1528 0.1154)
(178.214 0.19796 0.17109 0.1505 0.14014 0.13289 0.13277 0.14308 0.1499 0.11247)
(180 0.19701 0.17014 0.14953 0.13917 0.13191 0.13179 0.14211 0.14893 0.11149)
