// From Sheldahl and Klimas (1981)
// Re_c = 30000 50000 60000 75000 100000 125000 150000 200000 250000
// alpha_deg
(-180 0 0 0 0 0 0 0 0 0)
(-178.214 0.05105 0.05376 0.05349 0.05299 0.05246 0.05261 0.05434 0.05491 0.05287)
(-176.429 0.1021 0.10753 0.10698 0.10598 0.10492 0.10521 0.10869 0.10983 0.10573)
(-174.643 0.15315 0.16129 0.16047 0.15898 0.15738 0.15782 0.16303 0.16474 0.1586)
(-172.857 0.2042 0.21505 0.21396 0.21197 0.20984 0.21043 0.21737 0.21966 0.21147)
(-171.071 0.25525 0.26881 0.26745 0.26496 0.2623 0.26303 0.27172 0.27457 0.26433)
(-169.286 0.30631 0.32258 0.32094 0.31795 0.31477 0.31564 0.32606 0.32949 0.3172)
(-167.5 0.35736 0.37634 0.37443 0.37095 0.36723 0.36825 0.38041 0.3844 0.37007)
(-165.714 0.40841 0.4301 0.42791 0.42394 0.41969 0.42086 0.43475 0.43931 0.42293)
(-163.929 0.45946 0.48387 0.4814 0.47693 0.47215 0.47346 0.48909 0.49423 0.4758)
(-162.143 0.51051 0.53763 0.53489 0.52992 0.52461 0.52607 0.54344 0.54914 0.52866)
(-160.357 0.56156 0.59139 0.58838 0.58292 0.57707 0.57868 0.59778 0.60406 0.58153)
(-158.571 0.61261 0.64515 0.64187 0.63591 0.62953 0.63128 0.65212 0.65897 0.6344)
(-156.786 0.66366 0.69892 0.69536 0.6889 0.68199 0.68389 0.70647 0.71389 0.68726)
(-155 0.71471 0.75268 0.74885 0.74189 0.73445 0.7365 0.76081 0.7688 0.74013)
(-150.357 0.66213 0.69197 0.68896 0.68349 0.67764 0.67925 0.69836 0.70463 0.68211)
(-145.714 0.62236 0.64604 0.64365 0.63931 0.63467 0.63595 0.65111 0.65609 0.63821)
(-141.071 0.58735 0.60616 0.60426 0.60082 0.59713 0.59814 0.61019 0.61415 0.59994)
(-136.429 0.55245 0.56733 0.56583 0.5631 0.56018 0.56099 0.57051 0.57364 0.56241)
(-131.786 0.51493 0.52656 0.52539 0.52326 0.52098 0.52161 0.52905 0.5315 0.52272)
(-127.143 0.47325 0.48218 0.48128 0.47964 0.47789 0.47837 0.48409 0.48597 0.47923)
(-122.5 0.42666 0.43334 0.43267 0.43144 0.43013 0.43049 0.43478 0.43618 0.43113)
(-117.857 0.37503 0.37985 0.37937 0.37848 0.37754 0.3778 0.38089 0.3819 0.37826)
(-113.214 0.31869 0.32199 0.32166 0.32105 0.32041 0.32059 0.3227 0.3234 0.3209)
(-108.571 0.25834 0.26043 0.26022 0.25984 0.25943 0.25954 0.26088 0.26132 0.25974)
(-103.929 0.19498 0.19614 0.19602 0.19581 0.19558 0.19565 0.19639 0.19664 0.19576)
(-99.2857 0.12983 0.13035 0.1303 0.1302 0.1301 0.13013 0.13046 0.13057 0.13018)
(-94.6429 0.06432 0.06445 0.06444 0.06442 0.06439 0.0644 0.06448 0.06451 0.06441)
(-90 0 0 0 0 0 0 0 0 0)
(-85.3571 -0.06432 -0.06445 -0.06444 -0.06442 -0.06439 -0.0644 -0.06448 -0.06451 -0.06441)
(-80.7143 -0.12983 -0.13035 -0.1303 -0.1302 -0.1301 -0.13013 -0.13046 -0.13057 -0.13018)
(-76.0714 -0.19498 -0.19614 -0.19602 -0.19581 -0.19558 -0.19565 -0.19639 -0.19664 -0.19576)
(-71.4286 -0.25834 -0.26043 -0.26022 -0.25984 -0.25943 -0.25954 -0.26088 -0.26132 -0.25974)
(-66.7857 -0.31869 -0.32199 -0.32166 -0.32105 -0.32041 -0.32059 -0.3227 -0.3234 -0.3209)
(-62.1429 -0.37503 -0.37985 -0.37937 -0.37848 -0.37754 -0.3778 -0.38089 -0.3819 -0.37826)
(-57.5 -0.42666 -0.43334 -0.43267 -0.43144 -0.43013 -0.43049 -0.43478 -0.43618 -0.43113)
(-52.8571 -0.47325 -0.48218 -0.48128 -0.47964 -0.47789 -0.47837 -0.48409 -0.48597 -0.47923)
(-48.2143 -0.51493 -0.52656 -0.52539 -0.52326 -0.52098 -0.52161 -0.52905 -0.5315 -0.52272)
(-43.5714 -0.55245 -0.56733 -0.56583 -0.5631 -0.56018 -0.56099 -0.57051 -0.57364 -0.56241)
(-38.9286 -0.58735 -0.60616 -0.60426 -0.60082 -0.59713 -0.59814 -0.61019 -0.61415 -0.59994)
(-34.2857 -0.62236 -0.64604 -0.64365 -0.63931 -0.63467 -0.63595 -0.65111 -0.65609 -0.63821)
(-29.6429 -0.66213 -0.69197 -0.68896 -0.68349 -0.67764 -0.67925 -0.69836 -0.70463 -0.68211)
(-25 -0.71471 -0.75268 -0.74885 -0.74189 -0.73445 -0.7365 -0.76081 -0.7688 -0.74013)
(-23.9286 -0.67661 -0.71518 -0.71282 -0.70646 -0.70033 -0.70222 -0.7259 -0.7343 -0.70803)
(-22.8571 -0.63851 -0.67768 -0.6768 -0.67104 -0.6662 -0.66795 -0.69098 -0.6998 -0.67593)
(-21.7857 -0.60041 -0.64019 -0.64077 -0.63561 -0.63207 -0.63367 -0.65607 -0.6653 -0.64382)
(-20.7143 -0.5623 -0.60269 -0.60474 -0.60018 -0.59794 -0.59939 -0.62116 -0.6308 -0.61172)
(-19.6429 -0.5242 -0.56519 -0.56871 -0.56475 -0.56381 -0.56512 -0.58624 -0.5963 -0.57962)
(-18.5714 -0.4861 -0.52769 -0.53268 -0.52932 -0.52968 -0.53084 -0.55133 -0.5618 -0.54752)
(-17.5 -0.448 -0.49019 -0.49666 -0.49389 -0.49556 -0.49657 -0.51641 -0.5273 -0.51541)
(-16.4286 -0.40989 -0.4527 -0.46063 -0.45846 -0.46143 -0.46229 -0.4815 -0.4928 -0.48331)
(-15.3571 -0.37179 -0.4152 -0.4246 -0.42303 -0.4273 -0.42801 -0.44658 -0.4583 -0.45121)
(-14.2857 -0.33369 -0.3777 -0.38857 -0.3876 -0.39317 -0.39374 -0.41167 -0.4238 -0.41911)
(-13.2143 -0.29559 -0.3402 -0.35255 -0.35217 -0.35904 -0.35946 -0.37675 -0.3893 -0.387)
(-12.1429 -0.25748 -0.3027 -0.31652 -0.31674 -0.32492 -0.32519 -0.34184 -0.3548 -0.3549)
(-10 -0.21113 -0.2507 -0.26585 -0.26611 -0.28248 -0.27804 -0.28585 -0.30011 -0.30645)
(-8 -0.24361 -0.26969 -0.29068 -0.28244 -0.3222 -0.32083 -0.33997 -0.35225 -0.36395)
(-6 -0.27205 -0.24985 -0.25476 -0.25844 -0.36462 -0.37106 -0.32916 -0.30452 -0.27582)
(-4 -0.07704 -0.02699 -0.01642 0.00016 -0.10747 -0.08662 0.01434 0.01916 0.03264)
(-2 0.10708 0.17968 0.19295 0.20966 0.14567 0.18436 0.27377 0.25334 0.22751)
(0 0.3381 0.39368 0.4037 0.41127 0.39973 0.42337 0.46156 0.43716 0.41211)
(1 0.43978 0.49155 0.49921 0.50631 0.51309 0.5221 0.55864 0.53337 0.50813)
(2 0.53419 0.58489 0.59347 0.60144 0.62321 0.62063 0.65568 0.62958 0.6041)
(3 0.62108 0.67532 0.6872 0.69644 0.71977 0.71113 0.74655 0.72188 0.69679)
(4 0.69803 0.766 0.78098 0.78977 0.81191 0.80151 0.83738 0.81413 0.78932)
(5 0.77622 0.8517 0.86703 0.87844 0.89722 0.88753 0.92239 0.89983 0.87728)
(6 0.86248 0.9338 0.95241 0.96524 0.98143 0.97325 1.00721 0.98539 0.96494)
(7 0.92917 1.01192 1.03011 1.04594 1.06012 1.05296 1.08431 1.06593 1.04714)
(8 0.95203 1.08272 1.10083 1.11575 1.13202 1.12564 1.15642 1.1411 1.12426)
(9 0.96245 1.13757 1.15815 1.1788 1.19691 1.19089 1.21993 1.2083 1.19233)
(10 0.93245 1.18432 1.21763 1.25828 1.24992 1.24612 1.26482 1.2593 1.24539)
(11 0.95947 1.24779 1.29142 1.30978 1.27353 1.26372 1.27305 1.26821 1.26475)
(12 0.79615 1.30023 1.31625 1.31745 1.07825 1.07488 1.06408 1.22491 1.21526)
(13 0.7662 1.06825 1.01085 0.91667 1.00693 1.04708 1.03062 1.09322 1.09937)
(14 0.7362 0.83316 0.89324 0.93524 0.89901 1.00504 1.0057 1.03272 1.0315)
(15 0.77159 0.82341 0.86656 0.88656 0.90676 0.96442 1.00315 1.02863 1.04094)
(16 0.81034 0.86648 0.88123 0.88764 0.89832 0.89896 0.97282 0.99114 1.00211)
(18 0.89194 0.97075 0.96033 0.94622 0.93799 0.93369 0.98344 1.04037 0.97767)
(20 0.95064 1.01209 1.01067 0.99033 0.98395 0.97179 0.98175 0.98018 0.9946)
(25 1.10672 1.16076 1.15614 1.14662 1.14006 1.14173 1.17389 1.18332 1.14323)
(29.6429 1.04191 1.08487 1.08124 1.07375 1.06837 1.06985 1.09555 1.10294 1.07111)
(34.2857 0.98908 1.02352 1.02064 1.01469 1.01025 1.01154 1.03226 1.03811 1.01262)
(38.9286 0.93817 0.96579 0.9635 0.95877 0.95509 0.95621 0.97292 0.97756 0.95715)
(43.5714 0.88358 0.90559 0.90378 0.90004 0.89698 0.89796 0.91136 0.91504 0.89878)
(48.2143 0.82222 0.83956 0.83813 0.83521 0.83269 0.83353 0.84417 0.84705 0.83425)
(52.8571 0.75262 0.76602 0.76492 0.76268 0.76062 0.76134 0.76964 0.77186 0.76197)
(57.5 0.67443 0.68451 0.68369 0.68202 0.68037 0.68097 0.68728 0.68895 0.68151)
(62.1429 0.58815 0.59546 0.59487 0.59367 0.59239 0.59287 0.5975 0.59871 0.59332)
(66.7857 0.49496 0.49999 0.49958 0.49876 0.49782 0.49818 0.50141 0.50224 0.49854)
(71.4286 0.3966 0.39979 0.39953 0.39902 0.39837 0.39863 0.40071 0.40124 0.39889)
(76.0714 0.29524 0.29703 0.29688 0.2966 0.29621 0.29637 0.29755 0.29784 0.29653)
(80.7143 0.19344 0.19423 0.19416 0.19404 0.19386 0.19393 0.19447 0.1946 0.19401)
(85.3571 0.09402 0.09422 0.0942 0.09417 0.09412 0.09414 0.09428 0.09431 0.09416)
(90 0 0 0 0 0 0 0 0 0)
(94.6429 -0.06432 -0.06445 -0.06444 -0.06442 -0.06439 -0.0644 -0.06448 -0.06451 -0.06441)
(99.2857 -0.12983 -0.13035 -0.1303 -0.1302 -0.1301 -0.13013 -0.13046 -0.13057 -0.13018)
(103.929 -0.19498 -0.19614 -0.19602 -0.19581 -0.19558 -0.19565 -0.19639 -0.19664 -0.19576)
(108.571 -0.25834 -0.26043 -0.26022 -0.25984 -0.25943 -0.25954 -0.26088 -0.26132 -0.25974)
(113.214 -0.31869 -0.32199 -0.32166 -0.32105 -0.32041 -0.32059 -0.3227 -0.3234 -0.3209)
(117.857 -0.37503 -0.37985 -0.37937 -0.37848 -0.37754 -0.3778 -0.38089 -0.3819 -0.37826)
(122.5 -0.42666 -0.43334 -0.43267 -0.43144 -0.43013 -0.43049 -0.43478 -0.43618 -0.43113)
(127.143 -0.47325 -0.48218 -0.48128 -0.47964 -0.47789 -0.47837 -0.48409 -0.48597 -0.47923)
(131.786 -0.51493 -0.52656 -0.52539 -0.52326 -0.52098 -0.52161 -0.52905 -0.5315 -0.52272)
(136.429 -0.55245 -0.56733 -0.56583 -0.5631 -0.56018 -0.56099 -0.57051 -0.57364 -0.56241)
(141.071 -0.58735 -0.60616 -0.60426 -0.60082 -0.59713 -0.59814 -0.61019 -0.61415 -0.59994)
(145.714 -0.62236 -0.64604 -0.64365 -0.63931 -0.63467 -0.63595 -0.65111 -0.65609 -0.63821)
(150.357 -0.66213 -0.69197 -0.68896 -0.68349 -0.67764 -0.67925 -0.69836 -0.70463 -0.68211)
(155 -0.71471 -0.75268 -0.74885 -0.74189 -0.73445 -0.7365 -0.76081 -0.7688 -0.74013)
(156.786 -0.66366 -0.69892 -0.69536 -0.6889 -0.68199 -0.68389 -0.70647 -0.71389 -0.68726)
(158.571 -0.61261 -0.64515 -0.64187 -0.63591 -0.62953 -0.63128 -0.65212 -0.65897 -0.6344)
(160.357 -0.56156 -0.59139 -0.58838 -0.58292 -0.57707 -0.57868 -0.59778 -0.60406 -0.58153)
(162.143 -0.51051 -0.53763 -0.53489 -0.52992 -0.52461 -0.52607 -0.54344 -0.54914 -0.52866)
(163.929 -0.45946 -0.48387 -0.4814 -0.47693 -0.47215 -0.47346 -0.48909 -0.49423 -0.4758)
(165.714 -0.40841 -0.4301 -0.42791 -0.42394 -0.41969 -0.42086 -0.43475 -0.43931 -0.42293)
(167.5 -0.35736 -0.37634 -0.37443 -0.37095 -0.36723 -0.36825 -0.38041 -0.3844 -0.37007)
(169.286 -0.30631 -0.32258 -0.32094 -0.31795 -0.31477 -0.31564 -0.32606 -0.32949 -0.3172)
(171.071 -0.25525 -0.26881 -0.26745 -0.26496 -0.2623 -0.26303 -0.27172 -0.27457 -0.26433)
(172.857 -0.2042 -0.21505 -0.21396 -0.21197 -0.20984 -0.21043 -0.21737 -0.21966 -0.21147)
(174.643 -0.15315 -0.16129 -0.16047 -0.15898 -0.15738 -0.15782 -0.16303 -0.16474 -0.1586)
(176.429 -0.1021 -0.10753 -0.10698 -0.10598 -0.10492 -0.10521 -0.10869 -0.10983 -0.10573)
(178.214 -0.05105 -0.05376 -0.05349 -0.05299 -0.05246 -0.05261 -0.05434 -0.05491 -0.05287)
(180 0 0 0 0 0 0 0 0 0)
