// From Sheldahl and Klimas (1981)
// Re_c = 30000 50000 60000 75000 100000 125000 150000 200000 250000
// alpha_deg
(-180 0.10608 0.07677 0.05429 0.04299 0.03507 0.03505 0.04717 0.05636 0.02776)
(-178.214 0.10711 0.07781 0.05535 0.04405 0.03614 0.03611 0.04823 0.05741 0.02883)
(-176.429 0.1102 0.08094 0.05851 0.04723 0.03933 0.0393 0.0514 0.06057 0.03203)
(-174.643 0.11533 0.08614 0.06377 0.05252 0.04463 0.04461 0.05667 0.06582 0.03735)
(-172.857 0.12248 0.0934 0.0711 0.05988 0.05203 0.052 0.06403 0.07315 0.04477)
(-171.071 0.13163 0.10267 0.08047 0.06931 0.06148 0.06146 0.07343 0.08251 0.05426)
(-169.286 0.14274 0.11393 0.09185 0.08075 0.07297 0.07294 0.08485 0.09388 0.06578)
(-167.5 0.15575 0.12714 0.1052 0.09416 0.08643 0.08641 0.09824 0.10721 0.07929)
(-165.714 0.17063 0.14223 0.12045 0.1095 0.10182 0.1018 0.11355 0.12245 0.09473)
(-163.929 0.18731 0.15915 0.13755 0.12669 0.11908 0.11906 0.13071 0.13954 0.11205)
(-162.143 0.20573 0.17782 0.15643 0.14568 0.13814 0.13812 0.14965 0.1584 0.13118)
(-160.357 0.2258 0.19819 0.17702 0.16638 0.15892 0.1589 0.17031 0.17897 0.15203)
(-158.571 0.24745 0.22016 0.19924 0.18872 0.18135 0.18132 0.19261 0.20116 0.17454)
(-156.786 0.27058 0.24364 0.22299 0.2126 0.20533 0.2053 0.21644 0.22489 0.1986)
(-155 0.29512 0.26855 0.24819 0.23794 0.23077 0.23074 0.24173 0.25006 0.22413)
(-150.357 0.36472 0.33924 0.31971 0.30989 0.30301 0.30298 0.31352 0.32151 0.29665)
(-145.714 0.44117 0.41695 0.39838 0.38905 0.3825 0.38248 0.3925 0.40009 0.37646)
(-141.071 0.52238 0.49958 0.4821 0.47331 0.46715 0.46712 0.47655 0.4837 0.46145)
(-136.429 0.60612 0.58488 0.5686 0.56041 0.55468 0.55466 0.56344 0.5701 0.54938)
(-131.786 0.69008 0.67055 0.65558 0.64805 0.64277 0.64275 0.65083 0.65695 0.63789)
(-127.143 0.77195 0.75425 0.74068 0.73386 0.72908 0.72906 0.73638 0.74193 0.72466)
(-122.5 0.84944 0.83369 0.82161 0.81554 0.81129 0.81127 0.81779 0.82272 0.80736)
(-117.857 0.92039 0.90669 0.89619 0.89091 0.88721 0.88719 0.89286 0.89715 0.88379)
(-113.214 0.98278 0.97123 0.96237 0.95792 0.95479 0.95478 0.95956 0.96318 0.95191)
(-108.571 1.03484 1.02551 1.01835 1.01475 1.01223 1.01222 1.01608 1.01901 1.0099)
(-103.929 1.07505 1.06799 1.06258 1.05986 1.05795 1.05795 1.06087 1.06308 1.05619)
(-99.2857 1.10217 1.09744 1.09382 1.09199 1.09072 1.09071 1.09267 1.09415 1.08953)
(-94.6429 1.11535 1.11298 1.11116 1.11024 1.1096 1.1096 1.11058 1.11132 1.10901)
(-90 1.11406 1.11406 1.11406 1.11406 1.11406 1.11406 1.11406 1.11406 1.11406)
(-85.3571 1.11535 1.11298 1.11116 1.11024 1.1096 1.1096 1.11058 1.11132 1.10901)
(-80.7143 1.10217 1.09744 1.09382 1.09199 1.09072 1.09071 1.09267 1.09415 1.08953)
(-76.0714 1.07505 1.06799 1.06258 1.05986 1.05795 1.05795 1.06087 1.06308 1.05619)
(-71.4286 1.03484 1.02551 1.01835 1.01475 1.01223 1.01222 1.01608 1.01901 1.0099)
(-66.7857 0.98278 0.97123 0.96237 0.95792 0.95479 0.95478 0.95956 0.96318 0.95191)
(-62.1429 0.92039 0.90669 0.89619 0.89091 0.88721 0.88719 0.89286 0.89715 0.88379)
(-57.5 0.84944 0.83369 0.82161 0.81554 0.81129 0.81127 0.81779 0.82272 0.80736)
(-52.8571 0.77195 0.75425 0.74068 0.73386 0.72908 0.72906 0.73638 0.74193 0.72466)
(-48.2143 0.69008 0.67055 0.65558 0.64805 0.64277 0.64275 0.65083 0.65695 0.63789)
(-43.5714 0.60612 0.58488 0.5686 0.56041 0.55468 0.55466 0.56344 0.5701 0.54938)
(-38.9286 0.52238 0.49958 0.4821 0.47331 0.46715 0.46712 0.47655 0.4837 0.46145)
(-34.2857 0.44117 0.41695 0.39838 0.38905 0.3825 0.38248 0.3925 0.40009 0.37646)
(-29.6429 0.36472 0.33924 0.31971 0.30989 0.30301 0.30298 0.31352 0.32151 0.29665)
(-25 0.29512 0.26855 0.24819 0.23794 0.23077 0.23074 0.24173 0.25006 0.22413)
(-23.9286 0.28727 0.25971 0.24044 0.23087 0.22351 0.2234 0.2336 0.24136 0.21752)
(-22.8571 0.27941 0.25087 0.23269 0.22379 0.21625 0.21605 0.22547 0.23267 0.21091)
(-21.7857 0.27156 0.24203 0.22495 0.21671 0.209 0.20871 0.21734 0.22398 0.2043)
(-20.7143 0.26371 0.23318 0.2172 0.20963 0.20174 0.20136 0.20921 0.21528 0.19769)
(-19.6429 0.25585 0.22434 0.20946 0.20256 0.19449 0.19402 0.20108 0.20659 0.19107)
(-18.5714 0.248 0.2155 0.20171 0.19548 0.18723 0.18667 0.19295 0.1979 0.18446)
(-17.5 0.24015 0.20666 0.19397 0.1884 0.17998 0.17933 0.18482 0.1892 0.17785)
(-16.4286 0.23229 0.19781 0.18622 0.18132 0.17272 0.17198 0.17669 0.18051 0.17124)
(-15.3571 0.22444 0.18897 0.17847 0.17424 0.16546 0.16464 0.16856 0.17182 0.16462)
(-14.2857 0.21659 0.18013 0.17073 0.16717 0.15821 0.15729 0.16043 0.16312 0.15801)
(-13.2143 0.20873 0.17129 0.16298 0.16009 0.15095 0.14995 0.1523 0.15443 0.1514)
(-12.1429 0.20088 0.16245 0.15524 0.15301 0.1437 0.1426 0.14417 0.14574 0.14479)
(-10 0.17641 0.13801 0.13347 0.13292 0.1216 0.12163 0.12385 0.12415 0.12694)
(-8 0.16662 0.12324 0.11325 0.11146 0.10162 0.10301 0.1046 0.10786 0.10977)
(-6 0.13951 0.07902 0.07253 0.06979 0.08109 0.08155 0.07808 0.07326 0.06813)
(-4 0.09712 0.04399 0.03813 0.03007 0.03394 0.02986 0.02547 0.02289 0.01721)
(-2 0.08513 0.02999 0.02403 0.01701 0.02277 0.01778 0.01742 0.01359 0.01112)
(0 0.08241 0.02721 0.02101 0.0144 0.02135 0.015 0.01558 0.01105 0.00886)
(1 0.0814 0.02691 0.02054 0.01421 0.02111 0.01466 0.01629 0.01184 0.00935)
(2 0.08355 0.02613 0.02037 0.0141 0.02064 0.01433 0.017 0.01263 0.00985)
(3 0.08623 0.02648 0.01981 0.01405 0.01988 0.01477 0.01748 0.01324 0.01038)
(4 0.08568 0.02758 0.01967 0.01405 0.01968 0.01521 0.01795 0.01384 0.01092)
(5 0.08544 0.02777 0.02039 0.01415 0.02018 0.01635 0.01926 0.015 0.01196)
(6 0.08499 0.03073 0.02215 0.0148 0.02111 0.01751 0.02056 0.01615 0.01302)
(7 0.09096 0.034 0.02473 0.01616 0.02437 0.01973 0.0223 0.01781 0.01482)
(8 0.12663 0.03541 0.0264 0.01711 0.02844 0.02262 0.02523 0.0204 0.01691)
(9 0.14891 0.04153 0.0318 0.02375 0.03228 0.02586 0.02872 0.02348 0.01947)
(10 0.17795 0.0516 0.03965 0.02803 0.03853 0.02957 0.03274 0.0263 0.02203)
(11 0.16639 0.05501 0.06056 0.05276 0.04606 0.03992 0.04074 0.02929 0.02677)
(12 0.21204 0.08671 0.08144 0.07877 0.13529 0.12988 0.13828 0.0495 0.06127)
(13 0.21683 0.14943 0.18801 0.22856 0.13383 0.14243 0.16461 0.13908 0.12831)
(14 0.2601 0.20246 0.22697 0.21559 0.24085 0.17105 0.19184 0.19301 0.15572)
(15 0.26846 0.24971 0.26505 0.2568 0.25272 0.1936 0.21274 0.20187 0.13681)
(16 0.26983 0.26387 0.26773 0.2636 0.25867 0.25122 0.25546 0.21806 0.16083)
(18 0.30286 0.28142 0.28171 0.28506 0.28778 0.27657 0.27154 0.24462 0.21839)
(20 0.31339 0.30617 0.30509 0.29755 0.2906 0.28228 0.25457 0.246 0.23437)
(25 0.26786 0.24136 0.22072 0.21035 0.20187 0.20225 0.21406 0.22301 0.19681)
(29.6429 0.32558 0.29997 0.28016 0.27021 0.26212 0.26243 0.27361 0.28224 0.25724)
(34.2857 0.39082 0.36628 0.34745 0.33799 0.33034 0.33059 0.34108 0.34931 0.32565)
(38.9286 0.46213 0.43887 0.42113 0.41223 0.4051 0.40528 0.41502 0.42278 0.4006)
(43.5714 0.53784 0.51605 0.49953 0.49123 0.48469 0.48479 0.49373 0.50096 0.48039)
(48.2143 0.61611 0.59597 0.58078 0.57314 0.56724 0.56726 0.57535 0.582 0.56315)
(52.8571 0.69503 0.67669 0.66293 0.65601 0.65078 0.65074 0.65793 0.66395 0.64693)
(57.5 0.77264 0.75626 0.74402 0.73785 0.73333 0.73322 0.7395 0.74485 0.72974)
(62.1429 0.84701 0.83272 0.82208 0.81671 0.81291 0.81275 0.8181 0.82274 0.80963)
(66.7857 0.91627 0.9042 0.89523 0.8907 0.88761 0.88741 0.89184 0.89574 0.88469)
(71.4286 0.97864 0.96888 0.96164 0.95797 0.95557 0.95536 0.95888 0.96202 0.9531)
(76.0714 1.03234 1.02498 1.01951 1.01674 1.01499 1.0148 1.01743 1.01978 1.01304)
(80.7143 1.07547 1.07055 1.06689 1.06503 1.06389 1.06376 1.06551 1.06708 1.06255)
(85.3571 1.1052 1.10276 1.10093 1.1 1.09942 1.09937 1.10027 1.10104 1.09876)
(90 1.11406 1.11406 1.11406 1.11406 1.11406 1.11406 1.11406 1.11406 1.11406)
(94.6429 1.11535 1.11298 1.11116 1.11024 1.1096 1.1096 1.11058 1.11132 1.10901)
(99.2857 1.10217 1.09744 1.09382 1.09199 1.09072 1.09071 1.09267 1.09415 1.08953)
(103.929 1.07505 1.06799 1.06258 1.05986 1.05795 1.05795 1.06087 1.06308 1.05619)
(108.571 1.03484 1.02551 1.01835 1.01475 1.01223 1.01222 1.01608 1.01901 1.0099)
(113.214 0.98278 0.97123 0.96237 0.95792 0.95479 0.95478 0.95956 0.96318 0.95191)
(117.857 0.92039 0.90669 0.89619 0.89091 0.88721 0.88719 0.89286 0.89715 0.88379)
(122.5 0.84944 0.83369 0.82161 0.81554 0.81129 0.81127 0.81779 0.82272 0.80736)
(127.143 0.77195 0.75425 0.74068 0.73386 0.72908 0.72906 0.73638 0.74193 0.72466)
(131.786 0.69008 0.67055 0.65558 0.64805 0.64277 0.64275 0.65083 0.65695 0.63789)
(136.429 0.60612 0.58488 0.5686 0.56041 0.55468 0.55466 0.56344 0.5701 0.54938)
(141.071 0.52238 0.49958 0.4821 0.47331 0.46715 0.46712 0.47655 0.4837 0.46145)
(145.714 0.44117 0.41695 0.39838 0.38905 0.3825 0.38248 0.3925 0.40009 0.37646)
(150.357 0.36472 0.33924 0.31971 0.30989 0.30301 0.30298 0.31352 0.32151 0.29665)
(155 0.29512 0.26855 0.24819 0.23794 0.23077 0.23074 0.24173 0.25006 0.22413)
(156.786 0.27058 0.24364 0.22299 0.2126 0.20533 0.2053 0.21644 0.22489 0.1986)
(158.571 0.24745 0.22016 0.19924 0.18872 0.18135 0.18132 0.19261 0.20116 0.17454)
(160.357 0.2258 0.19819 0.17702 0.16638 0.15892 0.1589 0.17031 0.17897 0.15203)
(162.143 0.20573 0.17782 0.15643 0.14568 0.13814 0.13812 0.14965 0.1584 0.13118)
(163.929 0.18731 0.15915 0.13755 0.12669 0.11908 0.11906 0.13071 0.13954 0.11205)
(165.714 0.17063 0.14223 0.12045 0.1095 0.10182 0.1018 0.11355 0.12245 0.09473)
(167.5 0.15575 0.12714 0.1052 0.09416 0.08643 0.08641 0.09824 0.10721 0.07929)
(169.286 0.14274 0.11393 0.09185 0.08075 0.07297 0.07294 0.08485 0.09388 0.06578)
(171.071 0.13163 0.10267 0.08047 0.06931 0.06148 0.06146 0.07343 0.08251 0.05426)
(172.857 0.12248 0.0934 0.0711 0.05988 0.05203 0.052 0.06403 0.07315 0.04477)
(174.643 0.11533 0.08614 0.06377 0.05252 0.04463 0.04461 0.05667 0.06582 0.03735)
(176.429 0.1102 0.08094 0.05851 0.04723 0.03933 0.0393 0.0514 0.06057 0.03203)
(178.214 0.10711 0.07781 0.05535 0.04405 0.03614 0.03611 0.04823 0.05741 0.02883)
(180 0.10608 0.07677 0.05429 0.04299 0.03507 0.03505 0.04717 0.05636 0.02776)
