// From Sheldahl and Klimas (1981)
// Re_c = 30000 50000 60000 75000 100000 125000 150000 200000 250000
// alpha_deg
(-180 0.39649 0.37496 0.35845 0.35015 0.34433 0.34401 0.35036 0.352 0.29515)
(-178.214 0.39724 0.37572 0.35922 0.35093 0.34511 0.34479 0.35113 0.35278 0.29594)
(-176.429 0.39951 0.37802 0.36155 0.35326 0.34746 0.34713 0.35347 0.3551 0.29829)
(-174.643 0.40328 0.38184 0.36541 0.35714 0.35135 0.35103 0.35734 0.35895 0.3022)
(-172.857 0.40853 0.38717 0.37079 0.36256 0.35678 0.35646 0.36274 0.36433 0.30765)
(-171.071 0.41525 0.39398 0.37768 0.36948 0.36373 0.36341 0.36965 0.37121 0.31462)
(-169.286 0.42341 0.40226 0.38604 0.37788 0.37217 0.37184 0.37804 0.37956 0.32308)
(-167.5 0.43297 0.41195 0.39584 0.38773 0.38206 0.38173 0.38787 0.38936 0.33301)
(-165.714 0.4439 0.42304 0.40704 0.399 0.39336 0.39304 0.39911 0.40055 0.34435)
(-163.929 0.45616 0.43547 0.4196 0.41163 0.40604 0.40571 0.41172 0.4131 0.35707)
(-162.143 0.46968 0.44919 0.43347 0.42557 0.42004 0.41971 0.42563 0.42695 0.37112)
(-160.357 0.48442 0.46414 0.4486 0.44078 0.4353 0.43498 0.44081 0.44206 0.38644)
(-158.571 0.50032 0.48028 0.46492 0.45719 0.45177 0.45145 0.45718 0.45836 0.40297)
(-156.786 0.51732 0.49753 0.48236 0.47473 0.46939 0.46906 0.47469 0.47579 0.42064)
(-155 0.53534 0.51583 0.50087 0.49334 0.48807 0.48775 0.49327 0.49428 0.4394)
(-150.357 0.58647 0.56775 0.55341 0.54619 0.54114 0.54081 0.546 0.54676 0.49266)
(-145.714 0.64262 0.62483 0.61119 0.60433 0.59953 0.59921 0.60401 0.60448 0.55128)
(-141.071 0.70227 0.68552 0.67268 0.66622 0.6617 0.66138 0.66575 0.6659 0.61371)
(-136.429 0.76378 0.74818 0.73622 0.73021 0.72599 0.72567 0.72957 0.72936 0.6783)
(-131.786 0.82545 0.81111 0.80011 0.79458 0.7907 0.79038 0.79376 0.79315 0.74332)
(-127.143 0.88559 0.87258 0.86262 0.85761 0.85409 0.85378 0.8566 0.85557 0.80705)
(-122.5 0.9425 0.93094 0.92207 0.91761 0.91448 0.91416 0.9164 0.91492 0.86779)
(-117.857 0.99462 0.98456 0.97684 0.97296 0.97025 0.96993 0.97154 0.96959 0.92393)
(-113.214 1.04045 1.03196 1.02546 1.02218 1.01989 1.01958 1.02053 1.01809 0.97397)
(-108.571 1.07869 1.07183 1.06657 1.06393 1.06208 1.06177 1.06205 1.05909 1.01656)
(-103.929 1.10822 1.10303 1.09906 1.09706 1.09566 1.09535 1.09494 1.09146 1.05057)
(-99.2857 1.12814 1.12467 1.12201 1.12067 1.11973 1.11942 1.1183 1.11429 1.07506)
(-94.6429 1.13782 1.13608 1.13474 1.13407 1.1336 1.13329 1.13146 1.1269 1.08936)
(-90 1.13688 1.13688 1.13688 1.13688 1.13688 1.13657 1.13402 1.12891 1.09307)
(-85.3571 1.13782 1.13608 1.13474 1.13407 1.1336 1.13329 1.13146 1.1269 1.08936)
(-80.7143 1.12814 1.12467 1.12201 1.12067 1.11973 1.11942 1.1183 1.11429 1.07506)
(-76.0714 1.10822 1.10303 1.09906 1.09706 1.09566 1.09535 1.09494 1.09146 1.05057)
(-71.4286 1.07869 1.07183 1.06657 1.06393 1.06208 1.06177 1.06205 1.05909 1.01656)
(-66.7857 1.04045 1.03196 1.02546 1.02218 1.01989 1.01958 1.02053 1.01809 0.97397)
(-62.1429 0.99462 0.98456 0.97684 0.97296 0.97025 0.96993 0.97154 0.96959 0.92393)
(-57.5 0.9425 0.93094 0.92207 0.91761 0.91448 0.91416 0.9164 0.91492 0.86779)
(-52.8571 0.88559 0.87258 0.86262 0.85761 0.85409 0.85378 0.8566 0.85557 0.80705)
(-48.2143 0.82545 0.81111 0.80011 0.79458 0.7907 0.79038 0.79376 0.79315 0.74332)
(-43.5714 0.76378 0.74818 0.73622 0.73021 0.72599 0.72567 0.72957 0.72936 0.6783)
(-38.9286 0.70227 0.68552 0.67268 0.66622 0.6617 0.66138 0.66575 0.6659 0.61371)
(-34.2857 0.64262 0.62483 0.61119 0.60433 0.59953 0.59921 0.60401 0.60448 0.55128)
(-29.6429 0.58647 0.56775 0.55341 0.54619 0.54114 0.54081 0.546 0.54676 0.49266)
(-25 0.53534 0.51583 0.50087 0.49334 0.48807 0.48775 0.49327 0.49428 0.4394)
(-23.9286 0.52957 0.50933 0.49518 0.48815 0.48274 0.48235 0.48729 0.48789 0.43454)
(-22.8571 0.5238 0.50284 0.48949 0.48295 0.47741 0.47696 0.48132 0.48151 0.42968)
(-21.7857 0.51804 0.49634 0.4838 0.47775 0.47208 0.47156 0.47535 0.47512 0.42483)
(-20.7143 0.51227 0.48985 0.47811 0.47255 0.46675 0.46617 0.46938 0.46874 0.41997)
(-19.6429 0.5065 0.48335 0.47242 0.46735 0.46142 0.46077 0.46341 0.46235 0.41511)
(-18.5714 0.50073 0.47686 0.46673 0.46215 0.45609 0.45538 0.45744 0.45597 0.41026)
(-17.5 0.49496 0.47036 0.46104 0.45695 0.45077 0.44998 0.45146 0.44958 0.4054)
(-16.4286 0.48919 0.46387 0.45535 0.45175 0.44544 0.44459 0.44549 0.4432 0.40054)
(-15.3571 0.48343 0.45737 0.44966 0.44656 0.44011 0.43919 0.43952 0.43681 0.39569)
(-14.2857 0.47766 0.45088 0.44397 0.44136 0.43478 0.4338 0.43355 0.43042 0.39083)
(-13.2143 0.47189 0.44438 0.43828 0.43616 0.42945 0.4284 0.42758 0.42404 0.38597)
(-12.1429 0.46612 0.43789 0.43259 0.43096 0.42412 0.42301 0.42161 0.41765 0.38112)
(-10 0.47922 0.44388 0.43887 0.43726 0.43477 0.42988 0.42108 0.41669 0.3844)
(-8 0.45383 0.41654 0.40738 0.40552 0.40236 0.39862 0.38925 0.38708 0.35362)
(-6 0.42002 0.37351 0.36804 0.36492 0.37349 0.36907 0.36023 0.35414 0.31766)
(-4 0.38895 0.34953 0.3453 0.33953 0.34099 0.33595 0.33103 0.32531 0.28717)
(-2 0.37985 0.33991 0.33568 0.33075 0.33426 0.33015 0.32851 0.32071 0.28303)
(0 0.3791 0.33855 0.334 0.32915 0.33425 0.32928 0.32715 0.31872 0.28127)
(1 0.37844 0.33834 0.33359 0.32897 0.33413 0.32894 0.32775 0.31937 0.28169)
(2 0.37992 0.33768 0.33341 0.32886 0.33375 0.32862 0.32833 0.32 0.2821)
(3 0.38171 0.33784 0.33295 0.32881 0.33299 0.3288 0.3286 0.3204 0.28245)
(4 0.38111 0.33861 0.33285 0.32879 0.3327 0.32906 0.3289 0.32081 0.28282)
(5 0.38091 0.33874 0.33335 0.32883 0.333 0.32991 0.32979 0.32158 0.28352)
(6 0.38077 0.34098 0.3347 0.32935 0.33381 0.3309 0.33075 0.32242 0.2843)
(7 0.38545 0.34358 0.33677 0.33047 0.33654 0.33281 0.33211 0.32371 0.28566)
(8 0.41241 0.34503 0.33838 0.33147 0.34012 0.33542 0.33453 0.32581 0.28737)
(9 0.43027 0.35029 0.34307 0.33694 0.34386 0.3386 0.33762 0.32851 0.28965)
(10 0.45436 0.35891 0.34986 0.34075 0.34985 0.34254 0.34162 0.33147 0.29236)
(11 0.4487 0.36279 0.36633 0.36021 0.35764 0.35235 0.34963 0.33569 0.29763)
(12 0.48971 0.38797 0.38402 0.38194 0.43018 0.4255 0.42902 0.35448 0.32696)
(13 0.4995 0.4436 0.47371 0.50593 0.43558 0.44019 0.45406 0.42779 0.38323)
(14 0.53864 0.49498 0.51153 0.50196 0.52296 0.46815 0.48062 0.47469 0.41074)
(15 0.55101 0.53727 0.54745 0.54078 0.53863 0.49277 0.50279 0.48783 0.40291)
(16 0.5575 0.55298 0.55569 0.55249 0.55009 0.54403 0.54185 0.50752 0.42828)
(18 0.59295 0.57605 0.57719 0.58032 0.58474 0.57597 0.56753 0.53889 0.48552)
(20 0.61331 0.60752 0.60735 0.60283 0.6006 0.59413 0.57063 0.55797 0.51165)
(25 0.61197 0.59228 0.57808 0.57093 0.5693 0.56786 0.57107 0.57031 0.51621)
(29.6429 0.69649 0.67817 0.66459 0.65774 0.6561 0.65484 0.6582 0.65715 0.60346)
(34.2857 0.78419 0.76728 0.7544 0.74789 0.74617 0.74511 0.74857 0.74725 0.69413)
(38.9286 0.87167 0.85619 0.84407 0.83794 0.83612 0.83526 0.83876 0.83718 0.78479)
(43.5714 0.95575 0.9417 0.93041 0.92471 0.92275 0.9221 0.92556 0.92374 0.87224)
(48.2143 1.03341 1.02079 1.0104 1.00516 1.00305 1.00261 1.00597 1.00389 0.95345)
(52.8571 1.10183 1.09063 1.0812 1.07647 1.0742 1.07397 1.07714 1.07479 1.02557)
(57.5 1.15842 1.14863 1.14023 1.13603 1.13364 1.13361 1.13649 1.13386 1.08599)
(62.1429 1.20091 1.19251 1.18518 1.18155 1.17911 1.17923 1.1817 1.17879 1.13241)
(66.7857 1.22744 1.22041 1.21421 1.21116 1.20878 1.209 1.21093 1.20771 1.16294)
(71.4286 1.2367 1.23103 1.22601 1.22356 1.22137 1.22161 1.22286 1.21932 1.17625)
(76.0714 1.22827 1.22396 1.22014 1.2183 1.21646 1.21665 1.21706 1.21318 1.17188)
(80.7143 1.20323 1.20028 1.1977 1.19646 1.19515 1.19519 1.19465 1.1904 1.15093)
(85.3571 1.16635 1.1648 1.16349 1.16286 1.16222 1.16206 1.16046 1.15582 1.11819)
(90 1.13688 1.13688 1.13688 1.13688 1.13688 1.13657 1.13402 1.12891 1.09307)
(94.6429 1.13782 1.13608 1.13474 1.13407 1.1336 1.13329 1.13146 1.1269 1.08936)
(99.2857 1.12814 1.12467 1.12201 1.12067 1.11973 1.11942 1.1183 1.11429 1.07506)
(103.929 1.10822 1.10303 1.09906 1.09706 1.09566 1.09535 1.09494 1.09146 1.05057)
(108.571 1.07869 1.07183 1.06657 1.06393 1.06208 1.06177 1.06205 1.05909 1.01656)
(113.214 1.04045 1.03196 1.02546 1.02218 1.01989 1.01958 1.02053 1.01809 0.97397)
(117.857 0.99462 0.98456 0.97684 0.97296 0.97025 0.96993 0.97154 0.96959 0.92393)
(122.5 0.9425 0.93094 0.92207 0.91761 0.91448 0.91416 0.9164 0.91492 0.86779)
(127.143 0.88559 0.87258 0.86262 0.85761 0.85409 0.85378 0.8566 0.85557 0.80705)
(131.786 0.82545 0.81111 0.80011 0.79458 0.7907 0.79038 0.79376 0.79315 0.74332)
(136.429 0.76378 0.74818 0.73622 0.73021 0.72599 0.72567 0.72957 0.72936 0.6783)
(141.071 0.70227 0.68552 0.67268 0.66622 0.6617 0.66138 0.66575 0.6659 0.61371)
(145.714 0.64262 0.62483 0.61119 0.60433 0.59953 0.59921 0.60401 0.60448 0.55128)
(150.357 0.58647 0.56775 0.55341 0.54619 0.54114 0.54081 0.546 0.54676 0.49266)
(155 0.53534 0.51583 0.50087 0.49334 0.48807 0.48775 0.49327 0.49428 0.4394)
(156.786 0.51732 0.49753 0.48236 0.47473 0.46939 0.46906 0.47469 0.47579 0.42064)
(158.571 0.50032 0.48028 0.46492 0.45719 0.45177 0.45145 0.45718 0.45836 0.40297)
(160.357 0.48442 0.46414 0.4486 0.44078 0.4353 0.43498 0.44081 0.44206 0.38644)
(162.143 0.46968 0.44919 0.43347 0.42557 0.42004 0.41971 0.42563 0.42695 0.37112)
(163.929 0.45616 0.43547 0.4196 0.41163 0.40604 0.40571 0.41172 0.4131 0.35707)
(165.714 0.4439 0.42304 0.40704 0.399 0.39336 0.39304 0.39911 0.40055 0.34435)
(167.5 0.43297 0.41195 0.39584 0.38773 0.38206 0.38173 0.38787 0.38936 0.33301)
(169.286 0.42341 0.40226 0.38604 0.37788 0.37217 0.37184 0.37804 0.37956 0.32308)
(171.071 0.41525 0.39398 0.37768 0.36948 0.36373 0.36341 0.36965 0.37121 0.31462)
(172.857 0.40853 0.38717 0.37079 0.36256 0.35678 0.35646 0.36274 0.36433 0.30765)
(174.643 0.40328 0.38184 0.36541 0.35714 0.35135 0.35103 0.35734 0.35895 0.3022)
(176.429 0.39951 0.37802 0.36155 0.35326 0.34746 0.34713 0.35347 0.3551 0.29829)
(178.214 0.39724 0.37572 0.35922 0.35093 0.34511 0.34479 0.35113 0.35278 0.29594)
(180 0.39649 0.37496 0.35845 0.35015 0.34433 0.34401 0.35036 0.352 0.29515)
