// From Sheldahl and Klimas (1981)
// Re_c = 30000 50000 60000 75000 100000 125000 150000 200000 250000
// alpha_deg
(-180 0 0 0 0 0 0 0 0 0)
(-178.214 0.05105 0.05376 0.05349 0.05299 0.05246 0.05261 0.05434 0.05491 0.05287)
(-176.429 0.1021 0.10753 0.10698 0.10598 0.10492 0.10521 0.10869 0.10983 0.10573)
(-174.643 0.15315 0.16129 0.16047 0.15898 0.15738 0.15782 0.16303 0.16474 0.1586)
(-172.857 0.2042 0.21505 0.21396 0.21197 0.20984 0.21043 0.21737 0.21966 0.21147)
(-171.071 0.25525 0.26881 0.26745 0.26496 0.2623 0.26303 0.27172 0.27457 0.26433)
(-169.286 0.30631 0.32258 0.32094 0.31795 0.31477 0.31564 0.32606 0.32949 0.3172)
(-167.5 0.35736 0.37634 0.37443 0.37095 0.36723 0.36825 0.38041 0.3844 0.37007)
(-165.714 0.40841 0.4301 0.42791 0.42394 0.41969 0.42086 0.43475 0.43931 0.42293)
(-163.929 0.45946 0.48387 0.4814 0.47693 0.47215 0.47346 0.48909 0.49423 0.4758)
(-162.143 0.51051 0.53763 0.53489 0.52992 0.52461 0.52607 0.54344 0.54914 0.52866)
(-160.357 0.56156 0.59139 0.58838 0.58292 0.57707 0.57868 0.59778 0.60406 0.58153)
(-158.571 0.61261 0.64515 0.64187 0.63591 0.62953 0.63128 0.65212 0.65897 0.6344)
(-156.786 0.66366 0.69892 0.69536 0.6889 0.68199 0.68389 0.70647 0.71389 0.68726)
(-155 0.71471 0.75268 0.74885 0.74189 0.73445 0.7365 0.76081 0.7688 0.74013)
(-150.357 0.66213 0.69197 0.68896 0.68349 0.67764 0.67925 0.69836 0.70463 0.68211)
(-145.714 0.62236 0.64604 0.64365 0.63931 0.63467 0.63595 0.65111 0.65609 0.63821)
(-141.071 0.58735 0.60616 0.60426 0.60082 0.59713 0.59814 0.61019 0.61415 0.59994)
(-136.429 0.55245 0.56733 0.56583 0.5631 0.56018 0.56099 0.57051 0.57364 0.56241)
(-131.786 0.51493 0.52656 0.52539 0.52326 0.52098 0.52161 0.52905 0.5315 0.52272)
(-127.143 0.47325 0.48218 0.48128 0.47964 0.47789 0.47837 0.48409 0.48597 0.47923)
(-122.5 0.42666 0.43334 0.43267 0.43144 0.43013 0.43049 0.43478 0.43618 0.43113)
(-117.857 0.37503 0.37985 0.37937 0.37848 0.37754 0.3778 0.38089 0.3819 0.37826)
(-113.214 0.31869 0.32199 0.32166 0.32105 0.32041 0.32059 0.3227 0.3234 0.3209)
(-108.571 0.25834 0.26043 0.26022 0.25984 0.25943 0.25954 0.26088 0.26132 0.25974)
(-103.929 0.19498 0.19614 0.19602 0.19581 0.19558 0.19565 0.19639 0.19664 0.19576)
(-99.2857 0.12983 0.13035 0.1303 0.1302 0.1301 0.13013 0.13046 0.13057 0.13018)
(-94.6429 0.06432 0.06445 0.06444 0.06442 0.06439 0.0644 0.06448 0.06451 0.06441)
(-90 0 0 0 0 0 0 0 0 0)
(-85.3571 -0.06432 -0.06445 -0.06444 -0.06442 -0.06439 -0.0644 -0.06448 -0.06451 -0.06441)
(-80.7143 -0.12983 -0.13035 -0.1303 -0.1302 -0.1301 -0.13013 -0.13046 -0.13057 -0.13018)
(-76.0714 -0.19498 -0.19614 -0.19602 -0.19581 -0.19558 -0.19565 -0.19639 -0.19664 -0.19576)
(-71.4286 -0.25834 -0.26043 -0.26022 -0.25984 -0.25943 -0.25954 -0.26088 -0.26132 -0.25974)
(-66.7857 -0.31869 -0.32199 -0.32166 -0.32105 -0.32041 -0.32059 -0.3227 -0.3234 -0.3209)
(-62.1429 -0.37503 -0.37985 -0.37937 -0.37848 -0.37754 -0.3778 -0.38089 -0.3819 -0.37826)
(-57.5 -0.42666 -0.43334 -0.43267 -0.43144 -0.43013 -0.43049 -0.43478 -0.43618 -0.43113)
(-52.8571 -0.47325 -0.48218 -0.48128 -0.47964 -0.47789 -0.47837 -0.48409 -0.48597 -0.47923)
(-48.2143 -0.51493 -0.52656 -0.52539 -0.52326 -0.52098 -0.52161 -0.52905 -0.5315 -0.52272)
(-43.5714 -0.55245 -0.56733 -0.56583 -0.5631 -0.56018 -0.56099 -0.57051 -0.57364 -0.56241)
(-38.9286 -0.58735 -0.60616 -0.60426 -0.60082 -0.59713 -0.59814 -0.61019 -0.61415 -0.59994)
(-34.2857 -0.62236 -0.64604 -0.64365 -0.63931 -0.63467 -0.63595 -0.65111 -0.65609 -0.63821)
(-29.6429 -0.66213 -0.69197 -0.68896 -0.68349 -0.67764 -0.67925 -0.69836 -0.70463 -0.68211)
(-25 -0.71471 -0.75268 -0.74885 -0.74189 -0.73445 -0.7365 -0.76081 -0.7688 -0.74013)
(-23.9286 -0.67661 -0.71518 -0.71282 -0.70646 -0.70033 -0.70222 -0.7259 -0.7343 -0.70803)
(-22.8571 -0.63851 -0.67768 -0.6768 -0.67104 -0.6662 -0.66795 -0.69098 -0.6998 -0.67593)
(-21.7857 -0.60041 -0.64019 -0.64077 -0.63561 -0.63207 -0.63367 -0.65607 -0.6653 -0.64382)
(-20.7143 -0.5623 -0.60269 -0.60474 -0.60018 -0.59794 -0.59939 -0.62116 -0.6308 -0.61172)
(-19.6429 -0.5242 -0.56519 -0.56871 -0.56475 -0.56381 -0.56512 -0.58624 -0.5963 -0.57962)
(-18.5714 -0.4861 -0.52769 -0.53268 -0.52932 -0.52968 -0.53084 -0.55133 -0.5618 -0.54752)
(-17.5 -0.448 -0.49019 -0.49666 -0.49389 -0.49556 -0.49657 -0.51641 -0.5273 -0.51541)
(-16.4286 -0.40989 -0.4527 -0.46063 -0.45846 -0.46143 -0.46229 -0.4815 -0.4928 -0.48331)
(-15.3571 -0.37179 -0.4152 -0.4246 -0.42303 -0.4273 -0.42801 -0.44658 -0.4583 -0.45121)
(-14.2857 -0.33369 -0.3777 -0.38857 -0.3876 -0.39317 -0.39374 -0.41167 -0.4238 -0.41911)
(-13.2143 -0.29559 -0.3402 -0.35255 -0.35217 -0.35904 -0.35946 -0.37675 -0.3893 -0.387)
(-12.1429 -0.25748 -0.3027 -0.31652 -0.31674 -0.32492 -0.32519 -0.34184 -0.3548 -0.3549)
(-10 -0.11803 -0.17898 -0.19915 -0.20301 -0.20195 -0.21128 -0.2427 -0.2555 -0.25732)
(-8 -0.19954 -0.24417 -0.27142 -0.26505 -0.29091 -0.30478 -0.35122 -0.36168 -0.37003)
(-6 -0.27615 -0.26218 -0.26989 -0.27797 -0.38308 -0.40723 -0.38021 -0.34541 -0.30426)
(-4 -0.08157 -0.03341 -0.02245 -0.00515 -0.11932 -0.10673 -0.00173 0.00918 0.03153)
(-2 0.0998 0.17568 0.18978 0.20786 0.13966 0.17757 0.27379 0.25404 0.22811)
(0 0.3381 0.39368 0.4037 0.41127 0.39973 0.42337 0.46156 0.43716 0.41211)
(1 0.44046 0.49158 0.49867 0.50596 0.51353 0.52126 0.55934 0.53399 0.50867)
(2 0.534 0.58398 0.59213 0.60074 0.62348 0.6189 0.65708 0.63082 0.60516)
(3 0.61841 0.67284 0.68494 0.69538 0.71731 0.70689 0.74727 0.72286 0.69764)
(4 0.69076 0.762 0.77781 0.78798 0.80589 0.79472 0.8374 0.81483 0.78992)
(5 0.7646 0.84511 0.8613 0.8749 0.88637 0.8773 0.9204 0.89878 0.8766)
(6 0.84826 0.92385 0.94396 0.95954 0.96553 0.95953 1.00318 0.98255 0.96291)
(7 0.90814 0.99774 1.0173 1.03676 1.03813 1.03451 1.07648 1.06017 1.04254)
(8 0.91485 1.06274 1.08215 1.10071 1.10267 1.10104 1.14369 1.13121 1.11593)
(9 0.90645 1.10835 1.13074 1.15642 1.15889 1.15862 1.20036 1.19247 1.17823)
(10 0.84899 1.14412 1.18195 1.23216 1.20098 1.20413 1.23423 1.23388 1.22214)
(11 0.86074 1.20021 1.25053 1.27381 1.20815 1.20434 1.22319 1.22367 1.22474)
(12 0.64148 1.24289 1.25965 1.26208 0.95526 0.95598 0.94612 1.14946 1.14297)
(13 0.58408 0.93986 0.86758 0.75287 0.84963 0.90153 0.88403 0.96689 0.97982)
(14 0.52662 0.63306 0.70365 0.75441 0.70053 0.82992 0.83239 0.87159 0.87551)
(15 0.54852 0.60014 0.65019 0.67405 0.68885 0.76002 0.80815 0.84545 0.86596)
(16 0.58117 0.63809 0.65358 0.66089 0.66468 0.66695 0.75621 0.78439 0.80306)
(18 0.65315 0.7373 0.72256 0.70541 0.68603 0.6828 0.74262 0.81685 0.74618)
(20 0.7002 0.76351 0.75969 0.73542 0.71788 0.70589 0.71817 0.72148 0.74342)
(25 0.83943 0.89409 0.88682 0.876 0.85673 0.8623 0.90251 0.9181 0.87531)
(29.6429 0.74249 0.78438 0.77866 0.77017 0.75552 0.75955 0.79021 0.80252 0.76958)
(34.2857 0.67722 0.70972 0.70518 0.69846 0.6872 0.69014 0.71381 0.7236 0.69795)
(38.9286 0.62908 0.65438 0.65078 0.64545 0.63682 0.63895 0.65724 0.66503 0.645)
(43.5714 0.58926 0.6089 0.60605 0.60184 0.59532 0.59682 0.61087 0.61703 0.60143)
(48.2143 0.55211 0.5672 0.56499 0.56169 0.55687 0.55787 0.56853 0.57333 0.56131)
(52.8571 0.51385 0.52526 0.52357 0.52102 0.51759 0.51821 0.52612 0.5298 0.52068)
(57.5 0.47195 0.48037 0.47911 0.47719 0.47485 0.47519 0.48089 0.48363 0.47689)
(62.1429 0.42474 0.43074 0.42983 0.42844 0.42694 0.42707 0.43102 0.43299 0.42817)
(66.7857 0.37118 0.37524 0.37462 0.37366 0.37277 0.37279 0.37537 0.37671 0.37344)
(71.4286 0.31071 0.31326 0.31287 0.31225 0.31179 0.31174 0.3133 0.31414 0.31209)
(76.0714 0.24315 0.24456 0.24434 0.24399 0.24379 0.24374 0.24456 0.24503 0.24389)
(80.7143 0.1686 0.16922 0.16912 0.16897 0.16891 0.16887 0.16921 0.16942 0.16891)
(85.3571 0.08739 0.08754 0.08752 0.08748 0.08747 0.08745 0.08754 0.08759 0.08746)
(90 0 0 0 0 0 0 0 0 0)
(94.6429 -0.06432 -0.06445 -0.06444 -0.06442 -0.06439 -0.0644 -0.06448 -0.06451 -0.06441)
(99.2857 -0.12983 -0.13035 -0.1303 -0.1302 -0.1301 -0.13013 -0.13046 -0.13057 -0.13018)
(103.929 -0.19498 -0.19614 -0.19602 -0.19581 -0.19558 -0.19565 -0.19639 -0.19664 -0.19576)
(108.571 -0.25834 -0.26043 -0.26022 -0.25984 -0.25943 -0.25954 -0.26088 -0.26132 -0.25974)
(113.214 -0.31869 -0.32199 -0.32166 -0.32105 -0.32041 -0.32059 -0.3227 -0.3234 -0.3209)
(117.857 -0.37503 -0.37985 -0.37937 -0.37848 -0.37754 -0.3778 -0.38089 -0.3819 -0.37826)
(122.5 -0.42666 -0.43334 -0.43267 -0.43144 -0.43013 -0.43049 -0.43478 -0.43618 -0.43113)
(127.143 -0.47325 -0.48218 -0.48128 -0.47964 -0.47789 -0.47837 -0.48409 -0.48597 -0.47923)
(131.786 -0.51493 -0.52656 -0.52539 -0.52326 -0.52098 -0.52161 -0.52905 -0.5315 -0.52272)
(136.429 -0.55245 -0.56733 -0.56583 -0.5631 -0.56018 -0.56099 -0.57051 -0.57364 -0.56241)
(141.071 -0.58735 -0.60616 -0.60426 -0.60082 -0.59713 -0.59814 -0.61019 -0.61415 -0.59994)
(145.714 -0.62236 -0.64604 -0.64365 -0.63931 -0.63467 -0.63595 -0.65111 -0.65609 -0.63821)
(150.357 -0.66213 -0.69197 -0.68896 -0.68349 -0.67764 -0.67925 -0.69836 -0.70463 -0.68211)
(155 -0.71471 -0.75268 -0.74885 -0.74189 -0.73445 -0.7365 -0.76081 -0.7688 -0.74013)
(156.786 -0.66366 -0.69892 -0.69536 -0.6889 -0.68199 -0.68389 -0.70647 -0.71389 -0.68726)
(158.571 -0.61261 -0.64515 -0.64187 -0.63591 -0.62953 -0.63128 -0.65212 -0.65897 -0.6344)
(160.357 -0.56156 -0.59139 -0.58838 -0.58292 -0.57707 -0.57868 -0.59778 -0.60406 -0.58153)
(162.143 -0.51051 -0.53763 -0.53489 -0.52992 -0.52461 -0.52607 -0.54344 -0.54914 -0.52866)
(163.929 -0.45946 -0.48387 -0.4814 -0.47693 -0.47215 -0.47346 -0.48909 -0.49423 -0.4758)
(165.714 -0.40841 -0.4301 -0.42791 -0.42394 -0.41969 -0.42086 -0.43475 -0.43931 -0.42293)
(167.5 -0.35736 -0.37634 -0.37443 -0.37095 -0.36723 -0.36825 -0.38041 -0.3844 -0.37007)
(169.286 -0.30631 -0.32258 -0.32094 -0.31795 -0.31477 -0.31564 -0.32606 -0.32949 -0.3172)
(171.071 -0.25525 -0.26881 -0.26745 -0.26496 -0.2623 -0.26303 -0.27172 -0.27457 -0.26433)
(172.857 -0.2042 -0.21505 -0.21396 -0.21197 -0.20984 -0.21043 -0.21737 -0.21966 -0.21147)
(174.643 -0.15315 -0.16129 -0.16047 -0.15898 -0.15738 -0.15782 -0.16303 -0.16474 -0.1586)
(176.429 -0.1021 -0.10753 -0.10698 -0.10598 -0.10492 -0.10521 -0.10869 -0.10983 -0.10573)
(178.214 -0.05105 -0.05376 -0.05349 -0.05299 -0.05246 -0.05261 -0.05434 -0.05491 -0.05287)
(180 0 0 0 0 0 0 0 0 0)
