// From Sheldahl and Klimas (1981)
// Re_c = 30000 50000 60000 75000 100000 125000 150000 200000 250000
// alpha_deg
(-180 0 0 0 0 0 0 0 0 0)
(-178.214 0.04681 0.04929 0.04904 0.04859 0.0481 0.04823 0.04983 0.05035 0.04847)
(-176.429 0.09361 0.09859 0.09809 0.09717 0.0962 0.09647 0.09965 0.1007 0.09694)
(-174.643 0.14042 0.14788 0.14713 0.14576 0.1443 0.1447 0.14948 0.15105 0.14542)
(-172.857 0.18723 0.19718 0.19617 0.19435 0.1924 0.19294 0.19931 0.2014 0.19389)
(-171.071 0.23404 0.24647 0.24521 0.24294 0.2405 0.24117 0.24913 0.25175 0.24236)
(-169.286 0.28084 0.29576 0.29426 0.29152 0.2886 0.2894 0.29896 0.3021 0.29083)
(-167.5 0.32765 0.34506 0.3433 0.34011 0.3367 0.33764 0.34878 0.35245 0.3393)
(-165.714 0.37446 0.39435 0.39234 0.3887 0.3848 0.38587 0.39861 0.4028 0.38777)
(-163.929 0.42127 0.44364 0.44139 0.43729 0.4329 0.43411 0.44844 0.45314 0.43625)
(-162.143 0.46807 0.49294 0.49043 0.48587 0.481 0.48234 0.49826 0.50349 0.48472)
(-160.357 0.51488 0.54223 0.53947 0.53446 0.5291 0.53057 0.54809 0.55384 0.53319)
(-158.571 0.56169 0.59153 0.58852 0.58305 0.5772 0.57881 0.59792 0.60419 0.58166)
(-156.786 0.60849 0.64082 0.63756 0.63164 0.6253 0.62704 0.64774 0.65454 0.63013)
(-155 0.6553 0.69011 0.6866 0.68022 0.6734 0.67528 0.69757 0.70489 0.67861)
(-150.357 0.60709 0.63445 0.63169 0.62668 0.62131 0.62279 0.64031 0.64606 0.6254)
(-145.714 0.57063 0.59233 0.59014 0.58617 0.58191 0.58308 0.59698 0.60155 0.58516)
(-141.071 0.53852 0.55577 0.55403 0.55087 0.54749 0.54842 0.55947 0.5631 0.55007)
(-136.429 0.50653 0.52017 0.51879 0.51629 0.51362 0.51435 0.52309 0.52596 0.51566)
(-131.786 0.47213 0.48279 0.48172 0.47976 0.47767 0.47825 0.48508 0.48732 0.47927)
(-127.143 0.43391 0.4421 0.44127 0.43977 0.43816 0.43861 0.44385 0.44558 0.43939)
(-122.5 0.39119 0.39732 0.3967 0.39558 0.39438 0.39471 0.39863 0.39992 0.39529)
(-117.857 0.34385 0.34828 0.34783 0.34702 0.34615 0.34639 0.34922 0.35016 0.34682)
(-113.214 0.2922 0.29523 0.29492 0.29437 0.29377 0.29394 0.29588 0.29651 0.29423)
(-108.571 0.23687 0.23878 0.23859 0.23824 0.23786 0.23797 0.23919 0.2396 0.23815)
(-103.929 0.17877 0.17984 0.17973 0.17953 0.17932 0.17938 0.18007 0.18029 0.17948)
(-99.2857 0.11904 0.11951 0.11946 0.11938 0.11929 0.11931 0.11961 0.11971 0.11936)
(-94.6429 0.05898 0.05909 0.05908 0.05906 0.05904 0.05904 0.05912 0.05914 0.05906)
(-90 0 0 0 0 0 0 0 0 0)
(-85.3571 -0.05898 -0.05909 -0.05908 -0.05906 -0.05904 -0.05904 -0.05912 -0.05914 -0.05906)
(-80.7143 -0.11904 -0.11951 -0.11946 -0.11938 -0.11929 -0.11931 -0.11961 -0.11971 -0.11936)
(-76.0714 -0.17877 -0.17984 -0.17973 -0.17953 -0.17932 -0.17938 -0.18007 -0.18029 -0.17948)
(-71.4286 -0.23687 -0.23878 -0.23859 -0.23824 -0.23786 -0.23797 -0.23919 -0.2396 -0.23815)
(-66.7857 -0.2922 -0.29523 -0.29492 -0.29437 -0.29377 -0.29394 -0.29588 -0.29651 -0.29423)
(-62.1429 -0.34385 -0.34828 -0.34783 -0.34702 -0.34615 -0.34639 -0.34922 -0.35016 -0.34682)
(-57.5 -0.39119 -0.39732 -0.3967 -0.39558 -0.39438 -0.39471 -0.39863 -0.39992 -0.39529)
(-52.8571 -0.43391 -0.4421 -0.44127 -0.43977 -0.43816 -0.43861 -0.44385 -0.44558 -0.43939)
(-48.2143 -0.47213 -0.48279 -0.48172 -0.47976 -0.47767 -0.47825 -0.48508 -0.48732 -0.47927)
(-43.5714 -0.50653 -0.52017 -0.51879 -0.51629 -0.51362 -0.51435 -0.52309 -0.52596 -0.51566)
(-38.9286 -0.53852 -0.55577 -0.55403 -0.55087 -0.54749 -0.54842 -0.55947 -0.5631 -0.55007)
(-34.2857 -0.57063 -0.59233 -0.59014 -0.58617 -0.58191 -0.58308 -0.59698 -0.60155 -0.58516)
(-29.6429 -0.60709 -0.63445 -0.63169 -0.62668 -0.62131 -0.62279 -0.64031 -0.64606 -0.6254)
(-25 -0.6553 -0.69011 -0.6866 -0.68022 -0.6734 -0.67528 -0.69757 -0.70489 -0.67861)
(-23.9286 -0.62037 -0.65573 -0.65357 -0.64774 -0.64211 -0.64385 -0.66556 -0.67326 -0.64917)
(-22.8571 -0.58543 -0.62135 -0.62054 -0.61525 -0.61082 -0.61242 -0.63354 -0.64163 -0.61974)
(-21.7857 -0.5505 -0.58697 -0.5875 -0.58277 -0.57953 -0.58099 -0.60153 -0.61 -0.5903)
(-20.7143 -0.51556 -0.55259 -0.55447 -0.55028 -0.54824 -0.54957 -0.56952 -0.57836 -0.56087)
(-19.6429 -0.48063 -0.51821 -0.52144 -0.5178 -0.51694 -0.51814 -0.53751 -0.54673 -0.53144)
(-18.5714 -0.44569 -0.48383 -0.4884 -0.48532 -0.48565 -0.48671 -0.5055 -0.5151 -0.502)
(-17.5 -0.41076 -0.44945 -0.45537 -0.45283 -0.45436 -0.45529 -0.47348 -0.48347 -0.47257)
(-16.4286 -0.37582 -0.41506 -0.42234 -0.42035 -0.42307 -0.42386 -0.44147 -0.45184 -0.44313)
(-15.3571 -0.34089 -0.38068 -0.38931 -0.38786 -0.39178 -0.39243 -0.40946 -0.42021 -0.4137)
(-14.2857 -0.30595 -0.3463 -0.35627 -0.35538 -0.36049 -0.36101 -0.37745 -0.38857 -0.38427)
(-13.2143 -0.27102 -0.31192 -0.32324 -0.32289 -0.3292 -0.32958 -0.34544 -0.35694 -0.35483)
(-12.1429 -0.23608 -0.27754 -0.29021 -0.29041 -0.29791 -0.29815 -0.31342 -0.32531 -0.3254)
(-10 -0.28654 -0.30147 -0.31035 -0.30698 -0.33941 -0.32157 -0.30517 -0.3197 -0.33003)
(-8 -0.26736 -0.27274 -0.28575 -0.27633 -0.32666 -0.31019 -0.30047 -0.31356 -0.32762)
(-6 -0.24534 -0.21677 -0.21848 -0.21746 -0.31589 -0.30411 -0.25082 -0.23839 -0.22449)
(-4 -0.06612 -0.01834 -0.00903 0.00545 -0.08669 -0.05935 0.02919 0.02753 0.03103)
(-2 0.10544 0.16874 0.18007 0.19402 0.13957 0.17582 0.251 0.23158 0.20799)
(0 0.30999 0.36095 0.37014 0.37708 0.3665 0.38817 0.42319 0.40082 0.37785)
(1 0.40254 0.45065 0.45824 0.46458 0.47 0.47954 0.51149 0.48841 0.46535)
(2 0.48998 0.53718 0.54547 0.55214 0.57114 0.57076 0.59977 0.576 0.55282)
(3 0.57212 0.62166 0.63233 0.63961 0.66239 0.65626 0.68378 0.6609 0.63802)
(4 0.64727 0.70632 0.71922 0.72591 0.75042 0.74167 0.76776 0.74575 0.72311)
(5 0.72329 0.78748 0.80068 0.80896 0.83348 0.82396 0.8477 0.82608 0.80503)
(6 0.80499 0.86612 0.88167 0.89069 0.91572 0.90605 0.92752 0.90631 0.88675)
(7 0.87292 0.94196 0.95727 0.96816 0.99394 0.98385 1.00198 0.98307 0.9647)
(8 0.91002 1.01267 1.02796 1.03802 1.06722 1.05664 1.073 1.05612 1.03912)
(9 0.93836 1.07218 1.08924 1.10314 1.13538 1.12412 1.13806 1.12367 1.10729)
(10 0.93827 1.12601 1.15205 1.17976 1.19488 1.18446 1.19023 1.18001 1.16508)
(11 0.97829 1.19157 1.22489 1.23682 1.23295 1.21797 1.21701 1.20726 1.19956)
(12 0.88441 1.24939 1.26336 1.26322 1.11143 1.10425 1.0934 1.19842 1.18642)
(13 0.88435 1.10763 1.06986 1.00401 1.08028 1.10538 1.09131 1.12849 1.12735)
(14 0.88426 0.9637 1.00828 1.03804 1.02245 1.09634 1.09514 1.10776 1.10149)
(15 0.93017 0.97788 1.01056 1.02504 1.04895 1.08833 1.11446 1.12602 1.12911)
(16 0.97179 1.0225 1.03527 1.04025 1.05692 1.05588 1.10823 1.11518 1.11755)
(18 1.05621 1.12315 1.1179 1.108 1.11159 1.10657 1.14213 1.17705 1.12754)
(20 1.12167 1.17614 1.17726 1.16252 1.16782 1.1565 1.16331 1.15701 1.16272)
(25 1.28159 1.33053 1.32892 1.3215 1.32818 1.32581 1.34726 1.34976 1.3157)
(29.6429 1.25425 1.29471 1.29347 1.2876 1.29192 1.29074 1.30935 1.31121 1.28314)
(34.2857 1.21824 1.25175 1.25077 1.24608 1.24881 1.24836 1.2644 1.26583 1.24263)
(38.9286 1.1688 1.19644 1.19565 1.1919 1.19346 1.1935 1.20722 1.20835 1.18924)
(43.5714 1.10399 1.12655 1.12591 1.12295 1.12361 1.124 1.13562 1.13652 1.12094)
(48.2143 1.02356 1.0417 1.04119 1.03888 1.03886 1.03948 1.0492 1.04993 1.03741)
(52.8571 0.92846 0.94273 0.94232 0.94057 0.94005 0.94081 0.9488 0.94938 0.93955)
(57.5 0.82053 0.83144 0.83112 0.82984 0.82901 0.82982 0.83622 0.83667 0.82916)
(62.1429 0.70242 0.71043 0.71019 0.70929 0.70833 0.70912 0.71405 0.71439 0.70888)
(66.7857 0.57741 0.58298 0.58281 0.58221 0.58128 0.58197 0.58558 0.58582 0.582)
(71.4286 0.44938 0.45295 0.45284 0.45248 0.4517 0.45224 0.45467 0.45484 0.45239)
(76.0714 0.32271 0.32472 0.32466 0.32446 0.32392 0.32428 0.32572 0.32582 0.32444)
(80.7143 0.20216 0.20306 0.20303 0.20295 0.20266 0.20284 0.20352 0.20356 0.20295)
(85.3571 0.09282 0.09305 0.09304 0.09302 0.09294 0.09299 0.09317 0.09318 0.09303)
(90 0 0 0 0 0 0 0 0 0)
(94.6429 -0.05898 -0.05909 -0.05908 -0.05906 -0.05904 -0.05904 -0.05912 -0.05914 -0.05906)
(99.2857 -0.11904 -0.11951 -0.11946 -0.11938 -0.11929 -0.11931 -0.11961 -0.11971 -0.11936)
(103.929 -0.17877 -0.17984 -0.17973 -0.17953 -0.17932 -0.17938 -0.18007 -0.18029 -0.17948)
(108.571 -0.23687 -0.23878 -0.23859 -0.23824 -0.23786 -0.23797 -0.23919 -0.2396 -0.23815)
(113.214 -0.2922 -0.29523 -0.29492 -0.29437 -0.29377 -0.29394 -0.29588 -0.29651 -0.29423)
(117.857 -0.34385 -0.34828 -0.34783 -0.34702 -0.34615 -0.34639 -0.34922 -0.35016 -0.34682)
(122.5 -0.39119 -0.39732 -0.3967 -0.39558 -0.39438 -0.39471 -0.39863 -0.39992 -0.39529)
(127.143 -0.43391 -0.4421 -0.44127 -0.43977 -0.43816 -0.43861 -0.44385 -0.44558 -0.43939)
(131.786 -0.47213 -0.48279 -0.48172 -0.47976 -0.47767 -0.47825 -0.48508 -0.48732 -0.47927)
(136.429 -0.50653 -0.52017 -0.51879 -0.51629 -0.51362 -0.51435 -0.52309 -0.52596 -0.51566)
(141.071 -0.53852 -0.55577 -0.55403 -0.55087 -0.54749 -0.54842 -0.55947 -0.5631 -0.55007)
(145.714 -0.57063 -0.59233 -0.59014 -0.58617 -0.58191 -0.58308 -0.59698 -0.60155 -0.58516)
(150.357 -0.60709 -0.63445 -0.63169 -0.62668 -0.62131 -0.62279 -0.64031 -0.64606 -0.6254)
(155 -0.6553 -0.69011 -0.6866 -0.68022 -0.6734 -0.67528 -0.69757 -0.70489 -0.67861)
(156.786 -0.60849 -0.64082 -0.63756 -0.63164 -0.6253 -0.62704 -0.64774 -0.65454 -0.63013)
(158.571 -0.56169 -0.59153 -0.58852 -0.58305 -0.5772 -0.57881 -0.59792 -0.60419 -0.58166)
(160.357 -0.51488 -0.54223 -0.53947 -0.53446 -0.5291 -0.53057 -0.54809 -0.55384 -0.53319)
(162.143 -0.46807 -0.49294 -0.49043 -0.48587 -0.481 -0.48234 -0.49826 -0.50349 -0.48472)
(163.929 -0.42127 -0.44364 -0.44139 -0.43729 -0.4329 -0.43411 -0.44844 -0.45314 -0.43625)
(165.714 -0.37446 -0.39435 -0.39234 -0.3887 -0.3848 -0.38587 -0.39861 -0.4028 -0.38777)
(167.5 -0.32765 -0.34506 -0.3433 -0.34011 -0.3367 -0.33764 -0.34878 -0.35245 -0.3393)
(169.286 -0.28084 -0.29576 -0.29426 -0.29152 -0.2886 -0.2894 -0.29896 -0.3021 -0.29083)
(171.071 -0.23404 -0.24647 -0.24521 -0.24294 -0.2405 -0.24117 -0.24913 -0.25175 -0.24236)
(172.857 -0.18723 -0.19718 -0.19617 -0.19435 -0.1924 -0.19294 -0.19931 -0.2014 -0.19389)
(174.643 -0.14042 -0.14788 -0.14713 -0.14576 -0.1443 -0.1447 -0.14948 -0.15105 -0.14542)
(176.429 -0.09361 -0.09859 -0.09809 -0.09717 -0.0962 -0.09647 -0.09965 -0.1007 -0.09694)
(178.214 -0.04681 -0.04929 -0.04904 -0.04859 -0.0481 -0.04823 -0.04983 -0.05035 -0.04847)
(180 0 0 0 0 0 0 0 0 0)
