// From Sheldahl and Klimas (1981)
// Re_c = 30000 50000 60000 75000 100000 125000 150000 200000 250000
// alpha_deg
(-180 0 0 0 0 0 0 0 0 0)
(-178.214 0 0 0 0 0 0 0 0 0)
(-176.429 0 0 0 0 0 0 0 0 0)
(-174.643 0 0 0 0 0 0 0 0 0)
(-172.857 0 0 0 0 0 0 0 0 0)
(-171.071 0 0 0 0 0 0 0 0 0)
(-169.286 0 0 0 0 0 0 0 0 0)
(-167.5 0 0 0 0 0 0 0 0 0)
(-165.714 0 0 0 0 0 0 0 0 0)
(-163.929 0 0 0 0 0 0 0 0 0)
(-162.143 0 0 0 0 0 0 0 0 0)
(-160.357 0 0 0 0 0 0 0 0 0)
(-158.571 0 0 0 0 0 0 0 0 0)
(-156.786 0 0 0 0 0 0 0 0 0)
(-155 0 0 0 0 0 0 0 0 0)
(-150.357 0 0 0 0 0 0 0 0 0)
(-145.714 0 0 0 0 0 0 0 0 0)
(-141.071 0 0 0 0 0 0 0 0 0)
(-136.429 0 0 0 0 0 0 0 0 0)
(-131.786 0 0 0 0 0 0 0 0 0)
(-127.143 0 0 0 0 0 0 0 0 0)
(-122.5 0 0 0 0 0 0 0 0 0)
(-117.857 0 0 0 0 0 0 0 0 0)
(-113.214 0 0 0 0 0 0 0 0 0)
(-108.571 0 0 0 0 0 0 0 0 0)
(-103.929 0 0 0 0 0 0 0 0 0)
(-99.2857 0 0 0 0 0 0 0 0 0)
(-94.6429 0 0 0 0 0 0 0 0 0)
(-90 0 0 0 0 0 0 0 0 0)
(-85.3571 0 0 0 0 0 0 0 0 0)
(-80.7143 0 0 0 0 0 0 0 0 0)
(-76.0714 0 0 0 0 0 0 0 0 0)
(-71.4286 0 0 0 0 0 0 0 0 0)
(-66.7857 0 0 0 0 0 0 0 0 0)
(-62.1429 0 0 0 0 0 0 0 0 0)
(-57.5 0 0 0 0 0 0 0 0 0)
(-52.8571 0 0 0 0 0 0 0 0 0)
(-48.2143 0 0 0 0 0 0 0 0 0)
(-43.5714 0 0 0 0 0 0 0 0 0)
(-38.9286 0 0 0 0 0 0 0 0 0)
(-34.2857 0 0 0 0 0 0 0 0 0)
(-29.6429 0 0 0 0 0 0 0 0 0)
(-25 0 0 0 0 0 0 0 0 0)
(-23.9286 0 0 0 0 0 0 0 0 0)
(-22.8571 0 0 0 0 0 0 0 0 0)
(-21.7857 0 0 0 0 0 0 0 0 0)
(-20.7143 0 0 0 0 0 0 0 0 0)
(-19.6429 0 0 0 0 0 0 0 0 0)
(-18.5714 0 0 0 0 0 0 0 0 0)
(-17.5 0 0 0 0 0 0 0 0 0)
(-16.4286 0 0 0 0 0 0 0 0 0)
(-15.3571 0 0 0 0 0 0 0 0 0)
(-14.2857 0 0 0 0 0 0 0 0 0)
(-13.2143 0 0 0 0 0 0 0 0 0)
(-12.1429 0 0 0 0 0 0 0 0 0)
(-10 0 0 0 0 0 0 0 0 0)
(-8 0 0 0 0 0 0 0 0 0)
(-6 0 0 0 0 0 0 0 0 0)
(-4 0 0 0 0 0 0 0 0 0)
(-2 0 0 0 0 0 0 0 0 0)
(0 0 0 0 0 0 0 0 0 0)
(1 0 0 0 0 0 0 0 0 0)
(2 0 0 0 0 0 0 0 0 0)
(3 0 0 0 0 0 0 0 0 0)
(4 0 0 0 0 0 0 0 0 0)
(5 0 0 0 0 0 0 0 0 0)
(6 0 0 0 0 0 0 0 0 0)
(7 0 0 0 0 0 0 0 0 0)
(8 0 0 0 0 0 0 0 0 0)
(9 0 0 0 0 0 0 0 0 0)
(10 0 0 0 0 0 0 0 0 0)
(11 0 0 0 0 0 0 0 0 0)
(12 0 0 0 0 0 0 0 0 0)
(13 0 0 0 0 0 0 0 0 0)
(14 0 0 0 0 0 0 0 0 0)
(15 0 0 0 0 0 0 0 0 0)
(16 0 0 0 0 0 0 0 0 0)
(18 0 0 0 0 0 0 0 0 0)
(20 0 0 0 0 0 0 0 0 0)
(25 0 0 0 0 0 0 0 0 0)
(29.6429 0 0 0 0 0 0 0 0 0)
(34.2857 0 0 0 0 0 0 0 0 0)
(38.9286 0 0 0 0 0 0 0 0 0)
(43.5714 0 0 0 0 0 0 0 0 0)
(48.2143 0 0 0 0 0 0 0 0 0)
(52.8571 0 0 0 0 0 0 0 0 0)
(57.5 0 0 0 0 0 0 0 0 0)
(62.1429 0 0 0 0 0 0 0 0 0)
(66.7857 0 0 0 0 0 0 0 0 0)
(71.4286 0 0 0 0 0 0 0 0 0)
(76.0714 0 0 0 0 0 0 0 0 0)
(80.7143 0 0 0 0 0 0 0 0 0)
(85.3571 0 0 0 0 0 0 0 0 0)
(90 0 0 0 0 0 0 0 0 0)
(94.6429 0 0 0 0 0 0 0 0 0)
(99.2857 0 0 0 0 0 0 0 0 0)
(103.929 0 0 0 0 0 0 0 0 0)
(108.571 0 0 0 0 0 0 0 0 0)
(113.214 0 0 0 0 0 0 0 0 0)
(117.857 0 0 0 0 0 0 0 0 0)
(122.5 0 0 0 0 0 0 0 0 0)
(127.143 0 0 0 0 0 0 0 0 0)
(131.786 0 0 0 0 0 0 0 0 0)
(136.429 0 0 0 0 0 0 0 0 0)
(141.071 0 0 0 0 0 0 0 0 0)
(145.714 0 0 0 0 0 0 0 0 0)
(150.357 0 0 0 0 0 0 0 0 0)
(155 0 0 0 0 0 0 0 0 0)
(156.786 0 0 0 0 0 0 0 0 0)
(158.571 0 0 0 0 0 0 0 0 0)
(160.357 0 0 0 0 0 0 0 0 0)
(162.143 0 0 0 0 0 0 0 0 0)
(163.929 0 0 0 0 0 0 0 0 0)
(165.714 0 0 0 0 0 0 0 0 0)
(167.5 0 0 0 0 0 0 0 0 0)
(169.286 0 0 0 0 0 0 0 0 0)
(171.071 0 0 0 0 0 0 0 0 0)
(172.857 0 0 0 0 0 0 0 0 0)
(174.643 0 0 0 0 0 0 0 0 0)
(176.429 0 0 0 0 0 0 0 0 0)
(178.214 0 0 0 0 0 0 0 0 0)
(180 0 0 0 0 0 0 0 0 0)
