// From Sheldahl and Klimas (1981)
// Re_c = 30000 50000 60000 75000 100000 125000 150000 200000 250000
// alpha_deg
(-180 0 0 0 0 0 0 0 0 0)
(-178.214 0.04958 0.05222 0.05195 0.05147 0.05095 0.0511 0.05278 0.05334 0.05135)
(-176.429 0.09917 0.10444 0.10391 0.10294 0.10191 0.10219 0.10557 0.10667 0.1027)
(-174.643 0.14875 0.15666 0.15586 0.15441 0.15286 0.15329 0.15835 0.16001 0.15404)
(-172.857 0.19834 0.20887 0.20781 0.20588 0.20382 0.20438 0.21113 0.21335 0.20539)
(-171.071 0.24792 0.26109 0.25976 0.25735 0.25477 0.25548 0.26391 0.26668 0.25674)
(-169.286 0.29751 0.31331 0.31172 0.30882 0.30572 0.30658 0.3167 0.32002 0.30809)
(-167.5 0.34709 0.36553 0.36367 0.36029 0.35668 0.35767 0.36948 0.37336 0.35944)
(-165.714 0.39668 0.41775 0.41562 0.41176 0.40763 0.40877 0.42226 0.4267 0.41078)
(-163.929 0.44626 0.46997 0.46758 0.46323 0.45859 0.45986 0.47504 0.48003 0.46213)
(-162.143 0.49585 0.52219 0.51953 0.5147 0.50954 0.51096 0.52783 0.53337 0.51348)
(-160.357 0.54543 0.5744 0.57148 0.56617 0.56049 0.56205 0.58061 0.58671 0.56483)
(-158.571 0.59502 0.62662 0.62343 0.61764 0.61145 0.61315 0.63339 0.64004 0.61618)
(-156.786 0.6446 0.67884 0.67539 0.66911 0.6624 0.66425 0.68618 0.69338 0.66752)
(-155 0.69418 0.73106 0.72734 0.72058 0.71336 0.71534 0.73896 0.74672 0.71887)
(-150.357 0.64311 0.67209 0.66917 0.66386 0.65818 0.65974 0.6783 0.68439 0.66251)
(-145.714 0.60449 0.62748 0.62516 0.62095 0.61644 0.61768 0.6324 0.63724 0.61988)
(-141.071 0.57048 0.58875 0.58691 0.58356 0.57998 0.58096 0.59267 0.59651 0.58271)
(-136.429 0.53658 0.55103 0.54957 0.54693 0.54409 0.54487 0.55413 0.55717 0.54625)
(-131.786 0.50014 0.51144 0.5103 0.50823 0.50601 0.50662 0.51386 0.51624 0.5077)
(-127.143 0.45965 0.46833 0.46745 0.46586 0.46416 0.46463 0.47019 0.47201 0.46546)
(-122.5 0.4144 0.4209 0.42024 0.41905 0.41778 0.41813 0.42229 0.42365 0.41875)
(-117.857 0.36426 0.36894 0.36847 0.36761 0.36669 0.36695 0.36995 0.37093 0.36739)
(-113.214 0.30954 0.31274 0.31242 0.31183 0.3112 0.31138 0.31343 0.31411 0.31168)
(-108.571 0.25092 0.25295 0.25275 0.25237 0.25198 0.25208 0.25339 0.25381 0.25228)
(-103.929 0.18938 0.19051 0.19039 0.19019 0.18996 0.19003 0.19075 0.19099 0.19013)
(-99.2857 0.1261 0.1266 0.12655 0.12646 0.12636 0.12639 0.12671 0.12682 0.12644)
(-94.6429 0.06248 0.0626 0.06259 0.06257 0.06254 0.06255 0.06263 0.06265 0.06256)
(-90 0 0 0 0 0 0 0 0 0)
(-85.3571 -0.06248 -0.0626 -0.06259 -0.06257 -0.06254 -0.06255 -0.06263 -0.06265 -0.06256)
(-80.7143 -0.1261 -0.1266 -0.12655 -0.12646 -0.12636 -0.12639 -0.12671 -0.12682 -0.12644)
(-76.0714 -0.18938 -0.19051 -0.19039 -0.19019 -0.18996 -0.19003 -0.19075 -0.19099 -0.19013)
(-71.4286 -0.25092 -0.25295 -0.25275 -0.25237 -0.25198 -0.25208 -0.25339 -0.25381 -0.25228)
(-66.7857 -0.30954 -0.31274 -0.31242 -0.31183 -0.3112 -0.31138 -0.31343 -0.31411 -0.31168)
(-62.1429 -0.36426 -0.36894 -0.36847 -0.36761 -0.36669 -0.36695 -0.36995 -0.37093 -0.36739)
(-57.5 -0.4144 -0.4209 -0.42024 -0.41905 -0.41778 -0.41813 -0.42229 -0.42365 -0.41875)
(-52.8571 -0.45965 -0.46833 -0.46745 -0.46586 -0.46416 -0.46463 -0.47019 -0.47201 -0.46546)
(-48.2143 -0.50014 -0.51144 -0.5103 -0.50823 -0.50601 -0.50662 -0.51386 -0.51624 -0.5077)
(-43.5714 -0.53658 -0.55103 -0.54957 -0.54693 -0.54409 -0.54487 -0.55413 -0.55717 -0.54625)
(-38.9286 -0.57048 -0.58875 -0.58691 -0.58356 -0.57998 -0.58096 -0.59267 -0.59651 -0.58271)
(-34.2857 -0.60449 -0.62748 -0.62516 -0.62095 -0.61644 -0.61768 -0.6324 -0.63724 -0.61988)
(-29.6429 -0.64311 -0.67209 -0.66917 -0.66386 -0.65818 -0.65974 -0.6783 -0.68439 -0.66251)
(-25 -0.69418 -0.73106 -0.72734 -0.72058 -0.71336 -0.71534 -0.73896 -0.74672 -0.71887)
(-23.9286 -0.65718 -0.69464 -0.69235 -0.68617 -0.68021 -0.68205 -0.70505 -0.71321 -0.68769)
(-22.8571 -0.62017 -0.65822 -0.65735 -0.65176 -0.64706 -0.64876 -0.67114 -0.6797 -0.65651)
(-21.7857 -0.58316 -0.6218 -0.62236 -0.61735 -0.61391 -0.61547 -0.63722 -0.64619 -0.62533)
(-20.7143 -0.54615 -0.58538 -0.58737 -0.58294 -0.58077 -0.58218 -0.60331 -0.61268 -0.59415)
(-19.6429 -0.50914 -0.54896 -0.55238 -0.54852 -0.54762 -0.54889 -0.5694 -0.57917 -0.56297)
(-18.5714 -0.47214 -0.51253 -0.51738 -0.51411 -0.51447 -0.51559 -0.53549 -0.54566 -0.53179)
(-17.5 -0.43513 -0.47611 -0.48239 -0.4797 -0.48132 -0.4823 -0.50158 -0.51216 -0.50061)
(-16.4286 -0.39812 -0.43969 -0.4474 -0.44529 -0.44817 -0.44901 -0.46767 -0.47865 -0.46943)
(-15.3571 -0.36111 -0.40327 -0.41241 -0.41088 -0.41503 -0.41572 -0.43376 -0.44514 -0.43825)
(-14.2857 -0.3241 -0.36685 -0.37741 -0.37646 -0.38188 -0.38243 -0.39984 -0.41163 -0.40707)
(-13.2143 -0.2871 -0.33043 -0.34242 -0.34205 -0.34873 -0.34914 -0.36593 -0.37812 -0.37589)
(-12.1429 -0.25009 -0.29401 -0.30743 -0.30764 -0.31558 -0.31585 -0.33202 -0.34461 -0.34471)
(-10 -0.29508 -0.31284 -0.3227 -0.31946 -0.35223 -0.33459 -0.31935 -0.33462 -0.34514)
(-8 -0.27922 -0.2866 -0.30095 -0.29114 -0.3432 -0.32714 -0.31932 -0.33302 -0.34761)
(-6 -0.26027 -0.23076 -0.23282 -0.23214 -0.33631 -0.32544 -0.27034 -0.25625 -0.24039)
(-4 -0.07046 -0.02001 -0.01011 0.00529 -0.09292 -0.0647 0.02946 0.02825 0.03277)
(-2 0.11103 0.17839 0.19047 0.20537 0.14731 0.18563 0.26589 0.24538 0.22039)
(0 0.32838 0.38237 0.3921 0.39945 0.38825 0.41121 0.4483 0.4246 0.40027)
(1 0.42649 0.4774 0.48539 0.49212 0.49793 0.50792 0.54191 0.51745 0.49301)
(2 0.51903 0.56897 0.57772 0.58484 0.60506 0.60447 0.63548 0.61029 0.58572)
(3 0.60582 0.65832 0.66964 0.67746 0.70147 0.69481 0.72441 0.7002 0.67595)
(4 0.68501 0.74786 0.76161 0.76882 0.7944 0.78505 0.81331 0.79006 0.76607)
(5 0.76515 0.83361 0.84767 0.85663 0.88194 0.87192 0.89782 0.875 0.85274)
(6 0.85146 0.9166 0.93322 0.94302 0.96861 0.95856 0.98219 0.95983 0.93918)
(7 0.9228 0.99656 1.0129 1.02478 1.05092 1.04055 1.06072 1.04088 1.02152)
(8 0.96063 1.07094 1.08726 1.09824 1.12787 1.1171 1.13551 1.11789 1.10002)
(9 0.98895 1.13314 1.15138 1.16657 1.19929 1.18789 1.20381 1.1889 1.17171)
(10 0.98635 1.18917 1.21716 1.24739 1.26133 1.25093 1.25807 1.24771 1.2321)
(11 1.02736 1.25795 1.29386 1.30693 1.30016 1.28484 1.28469 1.27484 1.2671)
(12 0.92282 1.31831 1.33317 1.33314 1.1662 1.15896 1.14755 1.26267 1.25024)
(13 0.92027 1.16169 1.12032 1.0487 1.13008 1.15773 1.14274 1.18396 1.18338)
(14 0.91767 1.00269 1.05087 1.08319 1.06507 1.14548 1.14436 1.15884 1.15267)
(15 0.96508 1.01561 1.05086 1.06655 1.09138 1.13432 1.16286 1.17619 1.1802)
(16 1.00862 1.0624 1.07601 1.08136 1.09839 1.09744 1.1543 1.16255 1.16576)
(18 1.09717 1.16857 1.16261 1.15185 1.15464 1.14942 1.18801 1.22657 1.1734)
(20 1.16546 1.22333 1.2243 1.20832 1.21292 1.20095 1.20838 1.20214 1.20887)
(25 1.33333 1.38524 1.3833 1.37531 1.38123 1.37908 1.40253 1.40574 1.36941)
(29.6429 1.30145 1.34422 1.34271 1.3364 1.34014 1.33912 1.35928 1.3617 1.33187)
(34.2857 1.26218 1.2975 1.29631 1.29127 1.29355 1.29322 1.31047 1.31235 1.28776)
(38.9286 1.21005 1.23912 1.23817 1.23414 1.23535 1.23548 1.25016 1.25164 1.23143)
(43.5714 1.14274 1.16642 1.16566 1.16248 1.16286 1.16331 1.17569 1.17687 1.16043)
(48.2143 1.05974 1.07875 1.07814 1.07566 1.07543 1.0761 1.0864 1.08734 1.07416)
(52.8571 0.96184 0.97678 0.97629 0.97441 0.97374 0.97453 0.98296 0.98371 0.97336)
(57.5 0.85081 0.86221 0.86184 0.86045 0.85952 0.86036 0.86708 0.86765 0.85976)
(62.1429 0.72924 0.73761 0.73733 0.73635 0.73532 0.73612 0.74129 0.74172 0.73593)
(66.7857 0.60042 0.60623 0.60603 0.60538 0.60441 0.6051 0.60886 0.60917 0.60516)
(71.4286 0.46824 0.47196 0.47183 0.47144 0.47064 0.47118 0.4737 0.47391 0.47134)
(76.0714 0.33712 0.33922 0.33914 0.33893 0.33837 0.33874 0.34023 0.34035 0.3389)
(80.7143 0.21189 0.21283 0.2128 0.21271 0.21241 0.2126 0.2133 0.21335 0.21271)
(85.3571 0.09773 0.09796 0.09795 0.09793 0.09785 0.0979 0.09808 0.0981 0.09794)
(90 0 0 0 0 0 0 0 0 0)
(94.6429 -0.06248 -0.0626 -0.06259 -0.06257 -0.06254 -0.06255 -0.06263 -0.06265 -0.06256)
(99.2857 -0.1261 -0.1266 -0.12655 -0.12646 -0.12636 -0.12639 -0.12671 -0.12682 -0.12644)
(103.929 -0.18938 -0.19051 -0.19039 -0.19019 -0.18996 -0.19003 -0.19075 -0.19099 -0.19013)
(108.571 -0.25092 -0.25295 -0.25275 -0.25237 -0.25198 -0.25208 -0.25339 -0.25381 -0.25228)
(113.214 -0.30954 -0.31274 -0.31242 -0.31183 -0.3112 -0.31138 -0.31343 -0.31411 -0.31168)
(117.857 -0.36426 -0.36894 -0.36847 -0.36761 -0.36669 -0.36695 -0.36995 -0.37093 -0.36739)
(122.5 -0.4144 -0.4209 -0.42024 -0.41905 -0.41778 -0.41813 -0.42229 -0.42365 -0.41875)
(127.143 -0.45965 -0.46833 -0.46745 -0.46586 -0.46416 -0.46463 -0.47019 -0.47201 -0.46546)
(131.786 -0.50014 -0.51144 -0.5103 -0.50823 -0.50601 -0.50662 -0.51386 -0.51624 -0.5077)
(136.429 -0.53658 -0.55103 -0.54957 -0.54693 -0.54409 -0.54487 -0.55413 -0.55717 -0.54625)
(141.071 -0.57048 -0.58875 -0.58691 -0.58356 -0.57998 -0.58096 -0.59267 -0.59651 -0.58271)
(145.714 -0.60449 -0.62748 -0.62516 -0.62095 -0.61644 -0.61768 -0.6324 -0.63724 -0.61988)
(150.357 -0.64311 -0.67209 -0.66917 -0.66386 -0.65818 -0.65974 -0.6783 -0.68439 -0.66251)
(155 -0.69418 -0.73106 -0.72734 -0.72058 -0.71336 -0.71534 -0.73896 -0.74672 -0.71887)
(156.786 -0.6446 -0.67884 -0.67539 -0.66911 -0.6624 -0.66425 -0.68618 -0.69338 -0.66752)
(158.571 -0.59502 -0.62662 -0.62343 -0.61764 -0.61145 -0.61315 -0.63339 -0.64004 -0.61618)
(160.357 -0.54543 -0.5744 -0.57148 -0.56617 -0.56049 -0.56205 -0.58061 -0.58671 -0.56483)
(162.143 -0.49585 -0.52219 -0.51953 -0.5147 -0.50954 -0.51096 -0.52783 -0.53337 -0.51348)
(163.929 -0.44626 -0.46997 -0.46758 -0.46323 -0.45859 -0.45986 -0.47504 -0.48003 -0.46213)
(165.714 -0.39668 -0.41775 -0.41562 -0.41176 -0.40763 -0.40877 -0.42226 -0.4267 -0.41078)
(167.5 -0.34709 -0.36553 -0.36367 -0.36029 -0.35668 -0.35767 -0.36948 -0.37336 -0.35944)
(169.286 -0.29751 -0.31331 -0.31172 -0.30882 -0.30572 -0.30658 -0.3167 -0.32002 -0.30809)
(171.071 -0.24792 -0.26109 -0.25976 -0.25735 -0.25477 -0.25548 -0.26391 -0.26668 -0.25674)
(172.857 -0.19834 -0.20887 -0.20781 -0.20588 -0.20382 -0.20438 -0.21113 -0.21335 -0.20539)
(174.643 -0.14875 -0.15666 -0.15586 -0.15441 -0.15286 -0.15329 -0.15835 -0.16001 -0.15404)
(176.429 -0.09917 -0.10444 -0.10391 -0.10294 -0.10191 -0.10219 -0.10557 -0.10667 -0.1027)
(178.214 -0.04958 -0.05222 -0.05195 -0.05147 -0.05095 -0.0511 -0.05278 -0.05334 -0.05135)
(180 0 0 0 0 0 0 0 0 0)
