// From Sheldahl and Klimas (1981)
// Re_c = 30000 50000 60000 75000 100000 125000 150000 200000 250000
// alpha_deg
(-180 0 0 0 0 0 0 0 0 0)
(-178.214 0.00113 0.00119 0.00118 0.00117 0.00116 0.00116 0.0012 0.00122 0.00117)
(-176.429 0.00226 0.00238 0.00237 0.00235 0.00232 0.00233 0.00241 0.00243 0.00234)
(-174.643 0.00339 0.00357 0.00355 0.00352 0.00348 0.00349 0.00361 0.00365 0.00351)
(-172.857 0.00452 0.00476 0.00474 0.00469 0.00464 0.00466 0.00481 0.00486 0.00468)
(-171.071 0.00565 0.00595 0.00592 0.00586 0.00581 0.00582 0.00601 0.00608 0.00585)
(-169.286 0.00678 0.00714 0.0071 0.00704 0.00697 0.00699 0.00722 0.00729 0.00702)
(-167.5 0.00791 0.00833 0.00829 0.00821 0.00813 0.00815 0.00842 0.00851 0.00819)
(-165.714 0.00904 0.00952 0.00947 0.00938 0.00929 0.00931 0.00962 0.00972 0.00936)
(-163.929 0.01017 0.01071 0.01065 0.01056 0.01045 0.01048 0.01083 0.01094 0.01053)
(-162.143 0.0113 0.0119 0.01184 0.01173 0.01161 0.01164 0.01203 0.01215 0.0117)
(-160.357 0.01243 0.01309 0.01302 0.0129 0.01277 0.01281 0.01323 0.01337 0.01287)
(-158.571 0.01356 0.01428 0.01421 0.01407 0.01393 0.01397 0.01443 0.01458 0.01404)
(-156.786 0.01469 0.01547 0.01539 0.01525 0.01509 0.01514 0.01564 0.0158 0.01521)
(-155 0.01582 0.01666 0.01657 0.01642 0.01626 0.0163 0.01684 0.01702 0.01638)
(-150.357 0.01465 0.01532 0.01525 0.01513 0.015 0.01503 0.01546 0.0156 0.0151)
(-145.714 0.01377 0.0143 0.01425 0.01415 0.01405 0.01408 0.01441 0.01452 0.01413)
(-141.071 0.013 0.01342 0.01337 0.0133 0.01322 0.01324 0.01351 0.01359 0.01328)
(-136.429 0.01223 0.01256 0.01252 0.01246 0.0124 0.01242 0.01263 0.0127 0.01245)
(-131.786 0.0114 0.01165 0.01163 0.01158 0.01153 0.01154 0.01171 0.01176 0.01157)
(-127.143 0.01047 0.01067 0.01065 0.01062 0.01058 0.01059 0.01071 0.01076 0.01061)
(-122.5 0.00944 0.00959 0.00958 0.00955 0.00952 0.00953 0.00962 0.00965 0.00954)
(-117.857 0.0083 0.00841 0.0084 0.00838 0.00836 0.00836 0.00843 0.00845 0.00837)
(-113.214 0.00705 0.00713 0.00712 0.00711 0.00709 0.0071 0.00714 0.00716 0.0071)
(-108.571 0.00572 0.00576 0.00576 0.00575 0.00574 0.00574 0.00577 0.00578 0.00575)
(-103.929 0.00432 0.00434 0.00434 0.00433 0.00433 0.00433 0.00435 0.00435 0.00433)
(-99.2857 0.00287 0.00288 0.00288 0.00288 0.00288 0.00288 0.00289 0.00289 0.00288)
(-94.6429 0.00142 0.00143 0.00143 0.00143 0.00143 0.00143 0.00143 0.00143 0.00143)
(-90 0 0 0 0 0 0 0 0 0)
(-85.3571 -0.00142 -0.00143 -0.00143 -0.00143 -0.00143 -0.00143 -0.00143 -0.00143 -0.00143)
(-80.7143 -0.00287 -0.00288 -0.00288 -0.00288 -0.00288 -0.00288 -0.00289 -0.00289 -0.00288)
(-76.0714 -0.00432 -0.00434 -0.00434 -0.00433 -0.00433 -0.00433 -0.00435 -0.00435 -0.00433)
(-71.4286 -0.00572 -0.00576 -0.00576 -0.00575 -0.00574 -0.00574 -0.00577 -0.00578 -0.00575)
(-66.7857 -0.00705 -0.00713 -0.00712 -0.00711 -0.00709 -0.0071 -0.00714 -0.00716 -0.0071)
(-62.1429 -0.0083 -0.00841 -0.0084 -0.00838 -0.00836 -0.00836 -0.00843 -0.00845 -0.00837)
(-57.5 -0.00944 -0.00959 -0.00958 -0.00955 -0.00952 -0.00953 -0.00962 -0.00965 -0.00954)
(-52.8571 -0.01047 -0.01067 -0.01065 -0.01062 -0.01058 -0.01059 -0.01071 -0.01076 -0.01061)
(-48.2143 -0.0114 -0.01165 -0.01163 -0.01158 -0.01153 -0.01154 -0.01171 -0.01176 -0.01157)
(-43.5714 -0.01223 -0.01256 -0.01252 -0.01246 -0.0124 -0.01242 -0.01263 -0.0127 -0.01245)
(-38.9286 -0.013 -0.01342 -0.01337 -0.0133 -0.01322 -0.01324 -0.01351 -0.01359 -0.01328)
(-34.2857 -0.01377 -0.0143 -0.01425 -0.01415 -0.01405 -0.01408 -0.01441 -0.01452 -0.01413)
(-29.6429 -0.01465 -0.01532 -0.01525 -0.01513 -0.015 -0.01503 -0.01546 -0.0156 -0.0151)
(-25 -0.01582 -0.01666 -0.01657 -0.01642 -0.01626 -0.0163 -0.01684 -0.01702 -0.01638)
(-23.9286 -0.01498 -0.01583 -0.01578 -0.01564 -0.0155 -0.01554 -0.01607 -0.01625 -0.01567)
(-22.8571 -0.01413 -0.015 -0.01498 -0.01485 -0.01474 -0.01478 -0.01529 -0.01549 -0.01496)
(-21.7857 -0.01329 -0.01417 -0.01418 -0.01407 -0.01399 -0.01402 -0.01452 -0.01472 -0.01425)
(-20.7143 -0.01245 -0.01334 -0.01338 -0.01328 -0.01323 -0.01327 -0.01375 -0.01396 -0.01354)
(-19.6429 -0.0116 -0.01251 -0.01259 -0.0125 -0.01248 -0.01251 -0.01298 -0.0132 -0.01283)
(-18.5714 -0.01076 -0.01168 -0.01179 -0.01172 -0.01172 -0.01175 -0.0122 -0.01243 -0.01212)
(-17.5 -0.00992 -0.01085 -0.01099 -0.01093 -0.01097 -0.01099 -0.01143 -0.01167 -0.01141)
(-16.4286 -0.00907 -0.01002 -0.0102 -0.01015 -0.01021 -0.01023 -0.01066 -0.01091 -0.0107)
(-15.3571 -0.00823 -0.00919 -0.0094 -0.00936 -0.00946 -0.00947 -0.00988 -0.01014 -0.00999)
(-14.2857 -0.00739 -0.00836 -0.0086 -0.00858 -0.0087 -0.00871 -0.00911 -0.00938 -0.00928)
(-13.2143 -0.00654 -0.00753 -0.0078 -0.00779 -0.00795 -0.00796 -0.00834 -0.00862 -0.00857)
(-12.1429 -0.0057 -0.0067 -0.00701 -0.00701 -0.00719 -0.0072 -0.00757 -0.00785 -0.00785)
(-10 -0.0087 -0.00865 -0.00877 -0.00862 -0.00974 -0.00904 -0.0082 -0.00857 -0.00891)
(-8 -0.0073 -0.00707 -0.00727 -0.007 -0.00849 -0.0078 -0.00704 -0.00739 -0.00779)
(-6 -0.00584 -0.005 -0.00498 -0.00487 -0.00727 -0.00665 -0.00507 -0.00497 -0.00487)
(-4 -0.00151 -0.00032 -0.0001 0.00023 -0.00187 -0.00105 0.00101 0.00086 0.00077)
(-2 0.00268 0.00415 0.00441 0.00472 0.00348 0.00437 0.00606 0.00558 0.00501)
(0 0.00748 0.00871 0.00893 0.0091 0.00885 0.00937 0.01022 0.00968 0.00912)
(1 0.0097 0.01088 0.01107 0.01122 0.01134 0.01159 0.01233 0.01178 0.01122)
(2 0.01183 0.01298 0.01319 0.01334 0.01378 0.01381 0.01445 0.01388 0.01332)
(3 0.01386 0.01505 0.01531 0.01546 0.01604 0.01592 0.01649 0.01593 0.01539)
(4 0.01576 0.01713 0.01742 0.01756 0.01823 0.01803 0.01853 0.01799 0.01744)
(5 0.01768 0.01914 0.01944 0.0196 0.02033 0.02009 0.0205 0.01996 0.01945)
(6 0.01971 0.0211 0.02145 0.02161 0.02241 0.02214 0.02247 0.02193 0.02144)
(7 0.02148 0.02301 0.02335 0.02355 0.02442 0.0241 0.02434 0.02384 0.02338)
(8 0.02268 0.02483 0.02517 0.02535 0.02633 0.02598 0.02615 0.02568 0.02524)
(9 0.02373 0.02644 0.02682 0.02706 0.02814 0.02776 0.02785 0.02743 0.027)
(10 0.02425 0.02795 0.02849 0.02898 0.02978 0.0294 0.02932 0.02897 0.02857)
(11 0.02551 0.02968 0.03035 0.03055 0.03102 0.03054 0.03034 0.03 0.02972)
(12 0.02432 0.03126 0.03158 0.03156 0.02919 0.02894 0.02866 0.03038 0.03003)
(13 0.02484 0.0292 0.02858 0.02738 0.0291 0.02948 0.02916 0.02967 0.02951)
(14 0.02537 0.02711 0.02798 0.02853 0.02849 0.02983 0.02976 0.02983 0.02958)
(15 0.02674 0.02789 0.02855 0.02882 0.02951 0.0302 0.03065 0.0307 0.03062)
(16 0.02786 0.02907 0.02936 0.02946 0.03 0.02994 0.03091 0.03089 0.0308)
(18 0.03008 0.0316 0.03155 0.03137 0.03167 0.03153 0.03219 0.03271 0.03166)
(20 0.03189 0.03316 0.03324 0.03296 0.0333 0.03302 0.03314 0.0329 0.03289)
(25 0.03607 0.03724 0.03725 0.0371 0.0375 0.03737 0.03773 0.03768 0.0369)
(29.6429 0.03603 0.03702 0.03703 0.03691 0.03719 0.03712 0.03747 0.03742 0.03676)
(34.2857 0.0354 0.03624 0.03625 0.03615 0.03635 0.03631 0.03664 0.0366 0.03604)
(38.9286 0.03415 0.03486 0.03487 0.03479 0.03492 0.0349 0.0352 0.03517 0.0347)
(43.5714 0.0323 0.03289 0.0329 0.03283 0.03292 0.03292 0.03318 0.03316 0.03277)
(48.2143 0.02989 0.03038 0.03038 0.03033 0.03037 0.03039 0.03062 0.0306 0.03028)
(52.8571 0.027 0.02738 0.02738 0.02735 0.02736 0.02738 0.02758 0.02757 0.02731)
(57.5 0.0237 0.02399 0.02399 0.02396 0.02396 0.02398 0.02415 0.02414 0.02394)
(62.1429 0.02009 0.02031 0.02031 0.02029 0.02028 0.0203 0.02043 0.02043 0.02028)
(66.7857 0.01632 0.01647 0.01647 0.01646 0.01643 0.01646 0.01656 0.01655 0.01645)
(71.4286 0.0125 0.0126 0.0126 0.01259 0.01257 0.01259 0.01265 0.01265 0.01259)
(76.0714 0.00879 0.00885 0.00885 0.00884 0.00883 0.00884 0.00888 0.00888 0.00884)
(80.7143 0.00536 0.00538 0.00538 0.00538 0.00537 0.00538 0.0054 0.0054 0.00538)
(85.3571 0.00237 0.00237 0.00237 0.00237 0.00237 0.00237 0.00238 0.00238 0.00237)
(90 0 0 0 0 0 0 0 0 0)
(94.6429 -0.00142 -0.00143 -0.00143 -0.00143 -0.00143 -0.00143 -0.00143 -0.00143 -0.00143)
(99.2857 -0.00287 -0.00288 -0.00288 -0.00288 -0.00288 -0.00288 -0.00289 -0.00289 -0.00288)
(103.929 -0.00432 -0.00434 -0.00434 -0.00433 -0.00433 -0.00433 -0.00435 -0.00435 -0.00433)
(108.571 -0.00572 -0.00576 -0.00576 -0.00575 -0.00574 -0.00574 -0.00577 -0.00578 -0.00575)
(113.214 -0.00705 -0.00713 -0.00712 -0.00711 -0.00709 -0.0071 -0.00714 -0.00716 -0.0071)
(117.857 -0.0083 -0.00841 -0.0084 -0.00838 -0.00836 -0.00836 -0.00843 -0.00845 -0.00837)
(122.5 -0.00944 -0.00959 -0.00958 -0.00955 -0.00952 -0.00953 -0.00962 -0.00965 -0.00954)
(127.143 -0.01047 -0.01067 -0.01065 -0.01062 -0.01058 -0.01059 -0.01071 -0.01076 -0.01061)
(131.786 -0.0114 -0.01165 -0.01163 -0.01158 -0.01153 -0.01154 -0.01171 -0.01176 -0.01157)
(136.429 -0.01223 -0.01256 -0.01252 -0.01246 -0.0124 -0.01242 -0.01263 -0.0127 -0.01245)
(141.071 -0.013 -0.01342 -0.01337 -0.0133 -0.01322 -0.01324 -0.01351 -0.01359 -0.01328)
(145.714 -0.01377 -0.0143 -0.01425 -0.01415 -0.01405 -0.01408 -0.01441 -0.01452 -0.01413)
(150.357 -0.01465 -0.01532 -0.01525 -0.01513 -0.015 -0.01503 -0.01546 -0.0156 -0.0151)
(155 -0.01582 -0.01666 -0.01657 -0.01642 -0.01626 -0.0163 -0.01684 -0.01702 -0.01638)
(156.786 -0.01469 -0.01547 -0.01539 -0.01525 -0.01509 -0.01514 -0.01564 -0.0158 -0.01521)
(158.571 -0.01356 -0.01428 -0.01421 -0.01407 -0.01393 -0.01397 -0.01443 -0.01458 -0.01404)
(160.357 -0.01243 -0.01309 -0.01302 -0.0129 -0.01277 -0.01281 -0.01323 -0.01337 -0.01287)
(162.143 -0.0113 -0.0119 -0.01184 -0.01173 -0.01161 -0.01164 -0.01203 -0.01215 -0.0117)
(163.929 -0.01017 -0.01071 -0.01065 -0.01056 -0.01045 -0.01048 -0.01083 -0.01094 -0.01053)
(165.714 -0.00904 -0.00952 -0.00947 -0.00938 -0.00929 -0.00931 -0.00962 -0.00972 -0.00936)
(167.5 -0.00791 -0.00833 -0.00829 -0.00821 -0.00813 -0.00815 -0.00842 -0.00851 -0.00819)
(169.286 -0.00678 -0.00714 -0.0071 -0.00704 -0.00697 -0.00699 -0.00722 -0.00729 -0.00702)
(171.071 -0.00565 -0.00595 -0.00592 -0.00586 -0.00581 -0.00582 -0.00601 -0.00608 -0.00585)
(172.857 -0.00452 -0.00476 -0.00474 -0.00469 -0.00464 -0.00466 -0.00481 -0.00486 -0.00468)
(174.643 -0.00339 -0.00357 -0.00355 -0.00352 -0.00348 -0.00349 -0.00361 -0.00365 -0.00351)
(176.429 -0.00226 -0.00238 -0.00237 -0.00235 -0.00232 -0.00233 -0.00241 -0.00243 -0.00234)
(178.214 -0.00113 -0.00119 -0.00118 -0.00117 -0.00116 -0.00116 -0.0012 -0.00122 -0.00117)
(180 0 0 0 0 0 0 0 0 0)
