// From Sheldahl and Klimas (1981)
// Re_c = 30000 50000 60000 75000 100000 125000 150000 200000 250000
// alpha_deg
(-180 0 0 0 0 0 0 0 0 0)
(-178.214 0.05105 0.05376 0.05349 0.05299 0.05246 0.05261 0.05434 0.05491 0.05287)
(-176.429 0.1021 0.10753 0.10698 0.10598 0.10492 0.10521 0.10869 0.10983 0.10573)
(-174.643 0.15315 0.16129 0.16047 0.15898 0.15738 0.15782 0.16303 0.16474 0.1586)
(-172.857 0.2042 0.21505 0.21396 0.21197 0.20984 0.21043 0.21737 0.21966 0.21147)
(-171.071 0.25525 0.26881 0.26745 0.26496 0.2623 0.26303 0.27172 0.27457 0.26433)
(-169.286 0.30631 0.32258 0.32094 0.31795 0.31477 0.31564 0.32606 0.32949 0.3172)
(-167.5 0.35736 0.37634 0.37443 0.37095 0.36723 0.36825 0.38041 0.3844 0.37007)
(-165.714 0.40841 0.4301 0.42791 0.42394 0.41969 0.42086 0.43475 0.43931 0.42293)
(-163.929 0.45946 0.48387 0.4814 0.47693 0.47215 0.47346 0.48909 0.49423 0.4758)
(-162.143 0.51051 0.53763 0.53489 0.52992 0.52461 0.52607 0.54344 0.54914 0.52866)
(-160.357 0.56156 0.59139 0.58838 0.58292 0.57707 0.57868 0.59778 0.60406 0.58153)
(-158.571 0.61261 0.64515 0.64187 0.63591 0.62953 0.63128 0.65212 0.65897 0.6344)
(-156.786 0.66366 0.69892 0.69536 0.6889 0.68199 0.68389 0.70647 0.71389 0.68726)
(-155 0.71471 0.75268 0.74885 0.74189 0.73445 0.7365 0.76081 0.7688 0.74013)
(-150.357 0.66213 0.69197 0.68896 0.68349 0.67764 0.67925 0.69836 0.70463 0.68211)
(-145.714 0.62236 0.64604 0.64365 0.63931 0.63467 0.63595 0.65111 0.65609 0.63821)
(-141.071 0.58735 0.60616 0.60426 0.60082 0.59713 0.59814 0.61019 0.61415 0.59994)
(-136.429 0.55245 0.56733 0.56583 0.5631 0.56018 0.56099 0.57051 0.57364 0.56241)
(-131.786 0.51493 0.52656 0.52539 0.52326 0.52098 0.52161 0.52905 0.5315 0.52272)
(-127.143 0.47325 0.48218 0.48128 0.47964 0.47789 0.47837 0.48409 0.48597 0.47923)
(-122.5 0.42666 0.43334 0.43267 0.43144 0.43013 0.43049 0.43478 0.43618 0.43113)
(-117.857 0.37503 0.37985 0.37937 0.37848 0.37754 0.3778 0.38089 0.3819 0.37826)
(-113.214 0.31869 0.32199 0.32166 0.32105 0.32041 0.32059 0.3227 0.3234 0.3209)
(-108.571 0.25834 0.26043 0.26022 0.25984 0.25943 0.25954 0.26088 0.26132 0.25974)
(-103.929 0.19498 0.19614 0.19602 0.19581 0.19558 0.19565 0.19639 0.19664 0.19576)
(-99.2857 0.12983 0.13035 0.1303 0.1302 0.1301 0.13013 0.13046 0.13057 0.13018)
(-94.6429 0.06432 0.06445 0.06444 0.06442 0.06439 0.0644 0.06448 0.06451 0.06441)
(-90 0 0 0 0 0 0 0 0 0)
(-85.3571 -0.06432 -0.06445 -0.06444 -0.06442 -0.06439 -0.0644 -0.06448 -0.06451 -0.06441)
(-80.7143 -0.12983 -0.13035 -0.1303 -0.1302 -0.1301 -0.13013 -0.13046 -0.13057 -0.13018)
(-76.0714 -0.19498 -0.19614 -0.19602 -0.19581 -0.19558 -0.19565 -0.19639 -0.19664 -0.19576)
(-71.4286 -0.25834 -0.26043 -0.26022 -0.25984 -0.25943 -0.25954 -0.26088 -0.26132 -0.25974)
(-66.7857 -0.31869 -0.32199 -0.32166 -0.32105 -0.32041 -0.32059 -0.3227 -0.3234 -0.3209)
(-62.1429 -0.37503 -0.37985 -0.37937 -0.37848 -0.37754 -0.3778 -0.38089 -0.3819 -0.37826)
(-57.5 -0.42666 -0.43334 -0.43267 -0.43144 -0.43013 -0.43049 -0.43478 -0.43618 -0.43113)
(-52.8571 -0.47325 -0.48218 -0.48128 -0.47964 -0.47789 -0.47837 -0.48409 -0.48597 -0.47923)
(-48.2143 -0.51493 -0.52656 -0.52539 -0.52326 -0.52098 -0.52161 -0.52905 -0.5315 -0.52272)
(-43.5714 -0.55245 -0.56733 -0.56583 -0.5631 -0.56018 -0.56099 -0.57051 -0.57364 -0.56241)
(-38.9286 -0.58735 -0.60616 -0.60426 -0.60082 -0.59713 -0.59814 -0.61019 -0.61415 -0.59994)
(-34.2857 -0.62236 -0.64604 -0.64365 -0.63931 -0.63467 -0.63595 -0.65111 -0.65609 -0.63821)
(-29.6429 -0.66213 -0.69197 -0.68896 -0.68349 -0.67764 -0.67925 -0.69836 -0.70463 -0.68211)
(-25 -0.71471 -0.75268 -0.74885 -0.74189 -0.73445 -0.7365 -0.76081 -0.7688 -0.74013)
(-23.9286 -0.67661 -0.71518 -0.71282 -0.70646 -0.70033 -0.70222 -0.7259 -0.7343 -0.70803)
(-22.8571 -0.63851 -0.67768 -0.6768 -0.67104 -0.6662 -0.66795 -0.69098 -0.6998 -0.67593)
(-21.7857 -0.60041 -0.64019 -0.64077 -0.63561 -0.63207 -0.63367 -0.65607 -0.6653 -0.64382)
(-20.7143 -0.5623 -0.60269 -0.60474 -0.60018 -0.59794 -0.59939 -0.62116 -0.6308 -0.61172)
(-19.6429 -0.5242 -0.56519 -0.56871 -0.56475 -0.56381 -0.56512 -0.58624 -0.5963 -0.57962)
(-18.5714 -0.4861 -0.52769 -0.53268 -0.52932 -0.52968 -0.53084 -0.55133 -0.5618 -0.54752)
(-17.5 -0.448 -0.49019 -0.49666 -0.49389 -0.49556 -0.49657 -0.51641 -0.5273 -0.51541)
(-16.4286 -0.40989 -0.4527 -0.46063 -0.45846 -0.46143 -0.46229 -0.4815 -0.4928 -0.48331)
(-15.3571 -0.37179 -0.4152 -0.4246 -0.42303 -0.4273 -0.42801 -0.44658 -0.4583 -0.45121)
(-14.2857 -0.33369 -0.3777 -0.38857 -0.3876 -0.39317 -0.39374 -0.41167 -0.4238 -0.41911)
(-13.2143 -0.29559 -0.3402 -0.35255 -0.35217 -0.35904 -0.35946 -0.37675 -0.3893 -0.387)
(-12.1429 -0.25748 -0.3027 -0.31652 -0.31674 -0.32492 -0.32519 -0.34184 -0.3548 -0.3549)
(-10 -0.12006 -0.18055 -0.20061 -0.20439 -0.20371 -0.21274 -0.24364 -0.25647 -0.25839)
(-8 -0.20051 -0.24473 -0.27184 -0.26543 -0.29159 -0.30514 -0.35097 -0.36147 -0.3699)
(-6 -0.27606 -0.26191 -0.26956 -0.27754 -0.38267 -0.40644 -0.37909 -0.34451 -0.30364)
(-4 -0.08147 -0.03327 -0.02232 -0.00503 -0.11906 -0.10629 -0.00138 0.0094 0.03155)
(-2 0.09996 0.17577 0.18985 0.2079 0.13979 0.17772 0.27379 0.25403 0.2281)
(0 0.3381 0.39368 0.4037 0.41127 0.39973 0.42337 0.46156 0.43716 0.41211)
(1 0.44044 0.49158 0.49868 0.50596 0.51352 0.52128 0.55933 0.53397 0.50865)
(2 0.53401 0.584 0.59216 0.60075 0.62347 0.61894 0.65705 0.63079 0.60514)
(3 0.61847 0.6729 0.68499 0.6954 0.71736 0.70698 0.74725 0.72284 0.69762)
(4 0.69092 0.76209 0.77788 0.78802 0.80603 0.79487 0.8374 0.81481 0.78991)
(5 0.76486 0.84526 0.86142 0.87497 0.88661 0.87753 0.92044 0.8988 0.87662)
(6 0.84857 0.92407 0.94415 0.95967 0.96588 0.95983 1.00327 0.98261 0.96296)
(7 0.9086 0.99805 1.01758 1.03696 1.03861 1.03492 1.07665 1.06029 1.04264)
(8 0.91567 1.06318 1.08256 1.10104 1.10331 1.10158 1.14397 1.13142 1.11611)
(9 0.90767 1.10899 1.13133 1.15691 1.15972 1.15932 1.20079 1.19282 1.17853)
(10 0.85082 1.145 1.18273 1.23273 1.20205 1.20505 1.2349 1.23443 1.22265)
(11 0.8629 1.20125 1.25143 1.2746 1.20958 1.20564 1.22428 1.22464 1.22562)
(12 0.64486 1.24414 1.26089 1.26329 0.95795 0.95858 0.9487 1.15111 1.14455)
(13 0.58806 0.94267 0.87071 0.75645 0.85307 0.90471 0.88723 0.96965 0.98243)
(14 0.5312 0.63743 0.70779 0.75837 0.70487 0.83375 0.83618 0.87511 0.87892)
(15 0.5534 0.60503 0.65492 0.6787 0.69361 0.7645 0.81242 0.84945 0.86979)
(16 0.58619 0.64308 0.65856 0.66585 0.66979 0.67202 0.76094 0.78892 0.80741)
(18 0.65838 0.74241 0.72776 0.71068 0.69154 0.68829 0.74789 0.82174 0.75124)
(20 0.70568 0.76895 0.76518 0.741 0.7237 0.71171 0.72393 0.72714 0.74891)
(25 0.84528 0.89992 0.89271 0.88192 0.86293 0.86842 0.90844 0.92391 0.88117)
(29.6429 0.74903 0.79095 0.78528 0.77681 0.76236 0.76633 0.79689 0.80909 0.77618)
(34.2857 0.68404 0.71658 0.71208 0.70538 0.69427 0.69717 0.72077 0.73048 0.70483)
(38.9286 0.63584 0.66119 0.65762 0.6523 0.64378 0.64589 0.66415 0.67186 0.65182)
(43.5714 0.5957 0.61539 0.61257 0.60836 0.60192 0.6034 0.61745 0.62355 0.60794)
(48.2143 0.55802 0.57316 0.57096 0.56767 0.5629 0.5639 0.57456 0.57932 0.56728)
(52.8571 0.51907 0.53053 0.52885 0.52631 0.5229 0.52353 0.53145 0.53509 0.52596)
(57.5 0.47638 0.48484 0.48358 0.48167 0.47935 0.47969 0.4854 0.48812 0.48136)
(62.1429 0.42831 0.43434 0.43344 0.43205 0.43056 0.4307 0.43466 0.43662 0.43179)
(66.7857 0.37388 0.37797 0.37736 0.37639 0.37551 0.37553 0.37813 0.37946 0.37618)
(71.4286 0.31259 0.31515 0.31476 0.31415 0.31368 0.31365 0.31521 0.31605 0.31399)
(76.0714 0.24429 0.24571 0.24549 0.24514 0.24494 0.24489 0.24572 0.24619 0.24504)
(80.7143 0.16914 0.16977 0.16967 0.16952 0.16945 0.16941 0.16976 0.16997 0.16946)
(85.3571 0.08753 0.08769 0.08766 0.08762 0.08761 0.0876 0.08768 0.08773 0.08761)
(90 0 0 0 0 0 0 0 0 0)
(94.6429 -0.06432 -0.06445 -0.06444 -0.06442 -0.06439 -0.0644 -0.06448 -0.06451 -0.06441)
(99.2857 -0.12983 -0.13035 -0.1303 -0.1302 -0.1301 -0.13013 -0.13046 -0.13057 -0.13018)
(103.929 -0.19498 -0.19614 -0.19602 -0.19581 -0.19558 -0.19565 -0.19639 -0.19664 -0.19576)
(108.571 -0.25834 -0.26043 -0.26022 -0.25984 -0.25943 -0.25954 -0.26088 -0.26132 -0.25974)
(113.214 -0.31869 -0.32199 -0.32166 -0.32105 -0.32041 -0.32059 -0.3227 -0.3234 -0.3209)
(117.857 -0.37503 -0.37985 -0.37937 -0.37848 -0.37754 -0.3778 -0.38089 -0.3819 -0.37826)
(122.5 -0.42666 -0.43334 -0.43267 -0.43144 -0.43013 -0.43049 -0.43478 -0.43618 -0.43113)
(127.143 -0.47325 -0.48218 -0.48128 -0.47964 -0.47789 -0.47837 -0.48409 -0.48597 -0.47923)
(131.786 -0.51493 -0.52656 -0.52539 -0.52326 -0.52098 -0.52161 -0.52905 -0.5315 -0.52272)
(136.429 -0.55245 -0.56733 -0.56583 -0.5631 -0.56018 -0.56099 -0.57051 -0.57364 -0.56241)
(141.071 -0.58735 -0.60616 -0.60426 -0.60082 -0.59713 -0.59814 -0.61019 -0.61415 -0.59994)
(145.714 -0.62236 -0.64604 -0.64365 -0.63931 -0.63467 -0.63595 -0.65111 -0.65609 -0.63821)
(150.357 -0.66213 -0.69197 -0.68896 -0.68349 -0.67764 -0.67925 -0.69836 -0.70463 -0.68211)
(155 -0.71471 -0.75268 -0.74885 -0.74189 -0.73445 -0.7365 -0.76081 -0.7688 -0.74013)
(156.786 -0.66366 -0.69892 -0.69536 -0.6889 -0.68199 -0.68389 -0.70647 -0.71389 -0.68726)
(158.571 -0.61261 -0.64515 -0.64187 -0.63591 -0.62953 -0.63128 -0.65212 -0.65897 -0.6344)
(160.357 -0.56156 -0.59139 -0.58838 -0.58292 -0.57707 -0.57868 -0.59778 -0.60406 -0.58153)
(162.143 -0.51051 -0.53763 -0.53489 -0.52992 -0.52461 -0.52607 -0.54344 -0.54914 -0.52866)
(163.929 -0.45946 -0.48387 -0.4814 -0.47693 -0.47215 -0.47346 -0.48909 -0.49423 -0.4758)
(165.714 -0.40841 -0.4301 -0.42791 -0.42394 -0.41969 -0.42086 -0.43475 -0.43931 -0.42293)
(167.5 -0.35736 -0.37634 -0.37443 -0.37095 -0.36723 -0.36825 -0.38041 -0.3844 -0.37007)
(169.286 -0.30631 -0.32258 -0.32094 -0.31795 -0.31477 -0.31564 -0.32606 -0.32949 -0.3172)
(171.071 -0.25525 -0.26881 -0.26745 -0.26496 -0.2623 -0.26303 -0.27172 -0.27457 -0.26433)
(172.857 -0.2042 -0.21505 -0.21396 -0.21197 -0.20984 -0.21043 -0.21737 -0.21966 -0.21147)
(174.643 -0.15315 -0.16129 -0.16047 -0.15898 -0.15738 -0.15782 -0.16303 -0.16474 -0.1586)
(176.429 -0.1021 -0.10753 -0.10698 -0.10598 -0.10492 -0.10521 -0.10869 -0.10983 -0.10573)
(178.214 -0.05105 -0.05376 -0.05349 -0.05299 -0.05246 -0.05261 -0.05434 -0.05491 -0.05287)
(180 0 0 0 0 0 0 0 0 0)
