// From Sheldahl and Klimas (1981)
// Re_c = 30000 50000 60000 75000 100000 125000 150000 200000 250000
// alpha_deg
(-180 0 0 0 0 0 0 0 0 0)
(-178.214 0.05105 0.05376 0.05349 0.05299 0.05246 0.05261 0.05434 0.05491 0.05287)
(-176.429 0.1021 0.10753 0.10698 0.10598 0.10492 0.10521 0.10869 0.10983 0.10573)
(-174.643 0.15315 0.16129 0.16047 0.15898 0.15738 0.15782 0.16303 0.16474 0.1586)
(-172.857 0.2042 0.21505 0.21396 0.21197 0.20984 0.21043 0.21737 0.21966 0.21147)
(-171.071 0.25525 0.26881 0.26745 0.26496 0.2623 0.26303 0.27172 0.27457 0.26433)
(-169.286 0.30631 0.32258 0.32094 0.31795 0.31477 0.31564 0.32606 0.32949 0.3172)
(-167.5 0.35736 0.37634 0.37443 0.37095 0.36723 0.36825 0.38041 0.3844 0.37007)
(-165.714 0.40841 0.4301 0.42791 0.42394 0.41969 0.42086 0.43475 0.43931 0.42293)
(-163.929 0.45946 0.48387 0.4814 0.47693 0.47215 0.47346 0.48909 0.49423 0.4758)
(-162.143 0.51051 0.53763 0.53489 0.52992 0.52461 0.52607 0.54344 0.54914 0.52866)
(-160.357 0.56156 0.59139 0.58838 0.58292 0.57707 0.57868 0.59778 0.60406 0.58153)
(-158.571 0.61261 0.64515 0.64187 0.63591 0.62953 0.63128 0.65212 0.65897 0.6344)
(-156.786 0.66366 0.69892 0.69536 0.6889 0.68199 0.68389 0.70647 0.71389 0.68726)
(-155 0.71471 0.75268 0.74885 0.74189 0.73445 0.7365 0.76081 0.7688 0.74013)
(-150.357 0.66213 0.69197 0.68896 0.68349 0.67764 0.67925 0.69836 0.70463 0.68211)
(-145.714 0.62236 0.64604 0.64365 0.63931 0.63467 0.63595 0.65111 0.65609 0.63821)
(-141.071 0.58735 0.60616 0.60426 0.60082 0.59713 0.59814 0.61019 0.61415 0.59994)
(-136.429 0.55245 0.56733 0.56583 0.5631 0.56018 0.56099 0.57051 0.57364 0.56241)
(-131.786 0.51493 0.52656 0.52539 0.52326 0.52098 0.52161 0.52905 0.5315 0.52272)
(-127.143 0.47325 0.48218 0.48128 0.47964 0.47789 0.47837 0.48409 0.48597 0.47923)
(-122.5 0.42666 0.43334 0.43267 0.43144 0.43013 0.43049 0.43478 0.43618 0.43113)
(-117.857 0.37503 0.37985 0.37937 0.37848 0.37754 0.3778 0.38089 0.3819 0.37826)
(-113.214 0.31869 0.32199 0.32166 0.32105 0.32041 0.32059 0.3227 0.3234 0.3209)
(-108.571 0.25834 0.26043 0.26022 0.25984 0.25943 0.25954 0.26088 0.26132 0.25974)
(-103.929 0.19498 0.19614 0.19602 0.19581 0.19558 0.19565 0.19639 0.19664 0.19576)
(-99.2857 0.12983 0.13035 0.1303 0.1302 0.1301 0.13013 0.13046 0.13057 0.13018)
(-94.6429 0.06432 0.06445 0.06444 0.06442 0.06439 0.0644 0.06448 0.06451 0.06441)
(-90 0 0 0 0 0 0 0 0 0)
(-85.3571 -0.06432 -0.06445 -0.06444 -0.06442 -0.06439 -0.0644 -0.06448 -0.06451 -0.06441)
(-80.7143 -0.12983 -0.13035 -0.1303 -0.1302 -0.1301 -0.13013 -0.13046 -0.13057 -0.13018)
(-76.0714 -0.19498 -0.19614 -0.19602 -0.19581 -0.19558 -0.19565 -0.19639 -0.19664 -0.19576)
(-71.4286 -0.25834 -0.26043 -0.26022 -0.25984 -0.25943 -0.25954 -0.26088 -0.26132 -0.25974)
(-66.7857 -0.31869 -0.32199 -0.32166 -0.32105 -0.32041 -0.32059 -0.3227 -0.3234 -0.3209)
(-62.1429 -0.37503 -0.37985 -0.37937 -0.37848 -0.37754 -0.3778 -0.38089 -0.3819 -0.37826)
(-57.5 -0.42666 -0.43334 -0.43267 -0.43144 -0.43013 -0.43049 -0.43478 -0.43618 -0.43113)
(-52.8571 -0.47325 -0.48218 -0.48128 -0.47964 -0.47789 -0.47837 -0.48409 -0.48597 -0.47923)
(-48.2143 -0.51493 -0.52656 -0.52539 -0.52326 -0.52098 -0.52161 -0.52905 -0.5315 -0.52272)
(-43.5714 -0.55245 -0.56733 -0.56583 -0.5631 -0.56018 -0.56099 -0.57051 -0.57364 -0.56241)
(-38.9286 -0.58735 -0.60616 -0.60426 -0.60082 -0.59713 -0.59814 -0.61019 -0.61415 -0.59994)
(-34.2857 -0.62236 -0.64604 -0.64365 -0.63931 -0.63467 -0.63595 -0.65111 -0.65609 -0.63821)
(-29.6429 -0.66213 -0.69197 -0.68896 -0.68349 -0.67764 -0.67925 -0.69836 -0.70463 -0.68211)
(-25 -0.71471 -0.75268 -0.74885 -0.74189 -0.73445 -0.7365 -0.76081 -0.7688 -0.74013)
(-23.9286 -0.67661 -0.71518 -0.71282 -0.70646 -0.70033 -0.70222 -0.7259 -0.7343 -0.70803)
(-22.8571 -0.63851 -0.67768 -0.6768 -0.67104 -0.6662 -0.66795 -0.69098 -0.6998 -0.67593)
(-21.7857 -0.60041 -0.64019 -0.64077 -0.63561 -0.63207 -0.63367 -0.65607 -0.6653 -0.64382)
(-20.7143 -0.5623 -0.60269 -0.60474 -0.60018 -0.59794 -0.59939 -0.62116 -0.6308 -0.61172)
(-19.6429 -0.5242 -0.56519 -0.56871 -0.56475 -0.56381 -0.56512 -0.58624 -0.5963 -0.57962)
(-18.5714 -0.4861 -0.52769 -0.53268 -0.52932 -0.52968 -0.53084 -0.55133 -0.5618 -0.54752)
(-17.5 -0.448 -0.49019 -0.49666 -0.49389 -0.49556 -0.49657 -0.51641 -0.5273 -0.51541)
(-16.4286 -0.40989 -0.4527 -0.46063 -0.45846 -0.46143 -0.46229 -0.4815 -0.4928 -0.48331)
(-15.3571 -0.37179 -0.4152 -0.4246 -0.42303 -0.4273 -0.42801 -0.44658 -0.4583 -0.45121)
(-14.2857 -0.33369 -0.3777 -0.38857 -0.3876 -0.39317 -0.39374 -0.41167 -0.4238 -0.41911)
(-13.2143 -0.29559 -0.3402 -0.35255 -0.35217 -0.35904 -0.35946 -0.37675 -0.3893 -0.387)
(-12.1429 -0.25748 -0.3027 -0.31652 -0.31674 -0.32492 -0.32519 -0.34184 -0.3548 -0.3549)
(-10 -0.13094 -0.18893 -0.2084 -0.21176 -0.21312 -0.22054 -0.24868 -0.26168 -0.26413)
(-8 -0.20566 -0.24771 -0.27409 -0.26747 -0.29525 -0.30701 -0.34966 -0.36037 -0.36919)
(-6 -0.27559 -0.26047 -0.2678 -0.27526 -0.38052 -0.40222 -0.37313 -0.33974 -0.30032)
(-4 -0.08094 -0.03252 -0.02161 -0.00441 -0.11768 -0.10394 0.0005 0.01056 0.03168)
(-2 0.10081 0.17624 0.19022 0.20811 0.14049 0.17851 0.27379 0.25394 0.22803)
(0 0.3381 0.39368 0.4037 0.41127 0.39973 0.42337 0.46156 0.43716 0.41211)
(1 0.44037 0.49157 0.49875 0.50601 0.51347 0.52138 0.55924 0.5339 0.50859)
(2 0.53403 0.58411 0.59232 0.60084 0.62344 0.61914 0.65688 0.63065 0.60501)
(3 0.61878 0.67319 0.68526 0.69552 0.71765 0.70748 0.74717 0.72273 0.69752)
(4 0.69177 0.76255 0.77825 0.78822 0.80673 0.79566 0.8374 0.81473 0.78984)
(5 0.76622 0.84603 0.86209 0.87539 0.88788 0.87872 0.92067 0.89893 0.8767)
(6 0.85023 0.92523 0.94513 0.96033 0.96774 0.96143 1.00374 0.98294 0.96319)
(7 0.91106 0.99971 1.01907 1.03804 1.04118 1.03707 1.07757 1.06097 1.04318)
(8 0.92001 1.06551 1.08474 1.1028 1.10674 1.10445 1.14546 1.13258 1.11708)
(9 0.91422 1.11241 1.13454 1.15953 1.16416 1.16309 1.20308 1.19467 1.18018)
(10 0.86057 1.1497 1.1869 1.23578 1.20777 1.20995 1.23847 1.2374 1.22536)
(11 0.87443 1.20681 1.2562 1.2788 1.21722 1.21257 1.23011 1.22985 1.23029)
(12 0.66293 1.25084 1.2675 1.26976 0.97232 0.97247 0.96249 1.15993 1.153)
(13 0.60934 0.95767 0.88745 0.77559 0.87145 0.92172 0.90436 0.98441 0.9964)
(14 0.55569 0.66082 0.72995 0.77949 0.72806 0.85421 0.85643 0.89394 0.89715)
(15 0.57947 0.63112 0.6802 0.70353 0.71908 0.78838 0.8352 0.87086 0.89023)
(16 0.61296 0.66977 0.68516 0.69235 0.69709 0.69913 0.78625 0.81307 0.83067)
(18 0.68628 0.76968 0.75554 0.73882 0.72098 0.71761 0.77603 0.84786 0.77829)
(20 0.73494 0.79799 0.7945 0.77078 0.75479 0.74277 0.75473 0.75736 0.77826)
(25 0.87651 0.93108 0.92418 0.91354 0.89603 0.90106 0.94015 0.95489 0.91248)
(29.6429 0.78402 0.82606 0.82063 0.81229 0.79892 0.80259 0.83257 0.8442 0.81141)
(34.2857 0.72048 0.75325 0.74894 0.74233 0.73202 0.73473 0.75798 0.76723 0.7416)
(38.9286 0.67195 0.69758 0.69416 0.68891 0.68097 0.68296 0.70103 0.70838 0.6883)
(43.5714 0.63009 0.65006 0.64735 0.64321 0.63717 0.63859 0.65256 0.65837 0.64268)
(48.2143 0.58958 0.60498 0.60288 0.59963 0.59513 0.59611 0.60677 0.6113 0.59917)
(52.8571 0.54697 0.55866 0.55705 0.55455 0.5513 0.55193 0.5599 0.56337 0.55415)
(57.5 0.50004 0.50869 0.50749 0.50561 0.50336 0.50373 0.50952 0.51211 0.50527)
(62.1429 0.44741 0.45359 0.45273 0.45136 0.44989 0.45007 0.45412 0.45598 0.45108)
(66.7857 0.38835 0.39254 0.39196 0.39101 0.39012 0.39018 0.39286 0.39413 0.3908)
(71.4286 0.32262 0.32526 0.32489 0.32428 0.3238 0.3238 0.32543 0.32623 0.32413)
(76.0714 0.25037 0.25184 0.25163 0.25129 0.25107 0.25104 0.25191 0.25236 0.25119)
(80.7143 0.17205 0.17269 0.1726 0.17244 0.17237 0.17234 0.17271 0.17291 0.1724)
(85.3571 0.08831 0.08847 0.08844 0.0884 0.08839 0.08838 0.08847 0.08852 0.08839)
(90 0 0 0 0 0 0 0 0 0)
(94.6429 -0.06432 -0.06445 -0.06444 -0.06442 -0.06439 -0.0644 -0.06448 -0.06451 -0.06441)
(99.2857 -0.12983 -0.13035 -0.1303 -0.1302 -0.1301 -0.13013 -0.13046 -0.13057 -0.13018)
(103.929 -0.19498 -0.19614 -0.19602 -0.19581 -0.19558 -0.19565 -0.19639 -0.19664 -0.19576)
(108.571 -0.25834 -0.26043 -0.26022 -0.25984 -0.25943 -0.25954 -0.26088 -0.26132 -0.25974)
(113.214 -0.31869 -0.32199 -0.32166 -0.32105 -0.32041 -0.32059 -0.3227 -0.3234 -0.3209)
(117.857 -0.37503 -0.37985 -0.37937 -0.37848 -0.37754 -0.3778 -0.38089 -0.3819 -0.37826)
(122.5 -0.42666 -0.43334 -0.43267 -0.43144 -0.43013 -0.43049 -0.43478 -0.43618 -0.43113)
(127.143 -0.47325 -0.48218 -0.48128 -0.47964 -0.47789 -0.47837 -0.48409 -0.48597 -0.47923)
(131.786 -0.51493 -0.52656 -0.52539 -0.52326 -0.52098 -0.52161 -0.52905 -0.5315 -0.52272)
(136.429 -0.55245 -0.56733 -0.56583 -0.5631 -0.56018 -0.56099 -0.57051 -0.57364 -0.56241)
(141.071 -0.58735 -0.60616 -0.60426 -0.60082 -0.59713 -0.59814 -0.61019 -0.61415 -0.59994)
(145.714 -0.62236 -0.64604 -0.64365 -0.63931 -0.63467 -0.63595 -0.65111 -0.65609 -0.63821)
(150.357 -0.66213 -0.69197 -0.68896 -0.68349 -0.67764 -0.67925 -0.69836 -0.70463 -0.68211)
(155 -0.71471 -0.75268 -0.74885 -0.74189 -0.73445 -0.7365 -0.76081 -0.7688 -0.74013)
(156.786 -0.66366 -0.69892 -0.69536 -0.6889 -0.68199 -0.68389 -0.70647 -0.71389 -0.68726)
(158.571 -0.61261 -0.64515 -0.64187 -0.63591 -0.62953 -0.63128 -0.65212 -0.65897 -0.6344)
(160.357 -0.56156 -0.59139 -0.58838 -0.58292 -0.57707 -0.57868 -0.59778 -0.60406 -0.58153)
(162.143 -0.51051 -0.53763 -0.53489 -0.52992 -0.52461 -0.52607 -0.54344 -0.54914 -0.52866)
(163.929 -0.45946 -0.48387 -0.4814 -0.47693 -0.47215 -0.47346 -0.48909 -0.49423 -0.4758)
(165.714 -0.40841 -0.4301 -0.42791 -0.42394 -0.41969 -0.42086 -0.43475 -0.43931 -0.42293)
(167.5 -0.35736 -0.37634 -0.37443 -0.37095 -0.36723 -0.36825 -0.38041 -0.3844 -0.37007)
(169.286 -0.30631 -0.32258 -0.32094 -0.31795 -0.31477 -0.31564 -0.32606 -0.32949 -0.3172)
(171.071 -0.25525 -0.26881 -0.26745 -0.26496 -0.2623 -0.26303 -0.27172 -0.27457 -0.26433)
(172.857 -0.2042 -0.21505 -0.21396 -0.21197 -0.20984 -0.21043 -0.21737 -0.21966 -0.21147)
(174.643 -0.15315 -0.16129 -0.16047 -0.15898 -0.15738 -0.15782 -0.16303 -0.16474 -0.1586)
(176.429 -0.1021 -0.10753 -0.10698 -0.10598 -0.10492 -0.10521 -0.10869 -0.10983 -0.10573)
(178.214 -0.05105 -0.05376 -0.05349 -0.05299 -0.05246 -0.05261 -0.05434 -0.05491 -0.05287)
(180 0 0 0 0 0 0 0 0 0)
