// From Sheldahl and Klimas (1981)
// Re_c = 30000 50000 60000 75000 100000 125000 150000 200000 250000
// alpha_deg
(-180 0.10608 0.07677 0.05429 0.04299 0.03507 0.03505 0.04717 0.05636 0.02776)
(-178.214 0.10711 0.07781 0.05535 0.04405 0.03614 0.03611 0.04823 0.05741 0.02883)
(-176.429 0.1102 0.08094 0.05851 0.04723 0.03933 0.0393 0.0514 0.06057 0.03203)
(-174.643 0.11533 0.08614 0.06377 0.05252 0.04463 0.04461 0.05667 0.06582 0.03735)
(-172.857 0.12248 0.0934 0.0711 0.05988 0.05203 0.052 0.06403 0.07315 0.04477)
(-171.071 0.13163 0.10267 0.08047 0.06931 0.06148 0.06146 0.07343 0.08251 0.05426)
(-169.286 0.14274 0.11393 0.09185 0.08075 0.07297 0.07294 0.08485 0.09388 0.06578)
(-167.5 0.15575 0.12714 0.1052 0.09416 0.08643 0.08641 0.09824 0.10721 0.07929)
(-165.714 0.17063 0.14223 0.12045 0.1095 0.10182 0.1018 0.11355 0.12245 0.09473)
(-163.929 0.18731 0.15915 0.13755 0.12669 0.11908 0.11906 0.13071 0.13954 0.11205)
(-162.143 0.20573 0.17782 0.15643 0.14568 0.13814 0.13812 0.14965 0.1584 0.13118)
(-160.357 0.2258 0.19819 0.17702 0.16638 0.15892 0.1589 0.17031 0.17897 0.15203)
(-158.571 0.24745 0.22016 0.19924 0.18872 0.18135 0.18132 0.19261 0.20116 0.17454)
(-156.786 0.27058 0.24364 0.22299 0.2126 0.20533 0.2053 0.21644 0.22489 0.1986)
(-155 0.29512 0.26855 0.24819 0.23794 0.23077 0.23074 0.24173 0.25006 0.22413)
(-150.357 0.36472 0.33924 0.31971 0.30989 0.30301 0.30298 0.31352 0.32151 0.29665)
(-145.714 0.44117 0.41695 0.39838 0.38905 0.3825 0.38248 0.3925 0.40009 0.37646)
(-141.071 0.52238 0.49958 0.4821 0.47331 0.46715 0.46712 0.47655 0.4837 0.46145)
(-136.429 0.60612 0.58488 0.5686 0.56041 0.55468 0.55466 0.56344 0.5701 0.54938)
(-131.786 0.69008 0.67055 0.65558 0.64805 0.64277 0.64275 0.65083 0.65695 0.63789)
(-127.143 0.77195 0.75425 0.74068 0.73386 0.72908 0.72906 0.73638 0.74193 0.72466)
(-122.5 0.84944 0.83369 0.82161 0.81554 0.81129 0.81127 0.81779 0.82272 0.80736)
(-117.857 0.92039 0.90669 0.89619 0.89091 0.88721 0.88719 0.89286 0.89715 0.88379)
(-113.214 0.98278 0.97123 0.96237 0.95792 0.95479 0.95478 0.95956 0.96318 0.95191)
(-108.571 1.03484 1.02551 1.01835 1.01475 1.01223 1.01222 1.01608 1.01901 1.0099)
(-103.929 1.07505 1.06799 1.06258 1.05986 1.05795 1.05795 1.06087 1.06308 1.05619)
(-99.2857 1.10217 1.09744 1.09382 1.09199 1.09072 1.09071 1.09267 1.09415 1.08953)
(-94.6429 1.11535 1.11298 1.11116 1.11024 1.1096 1.1096 1.11058 1.11132 1.10901)
(-90 1.11406 1.11406 1.11406 1.11406 1.11406 1.11406 1.11406 1.11406 1.11406)
(-85.3571 1.11535 1.11298 1.11116 1.11024 1.1096 1.1096 1.11058 1.11132 1.10901)
(-80.7143 1.10217 1.09744 1.09382 1.09199 1.09072 1.09071 1.09267 1.09415 1.08953)
(-76.0714 1.07505 1.06799 1.06258 1.05986 1.05795 1.05795 1.06087 1.06308 1.05619)
(-71.4286 1.03484 1.02551 1.01835 1.01475 1.01223 1.01222 1.01608 1.01901 1.0099)
(-66.7857 0.98278 0.97123 0.96237 0.95792 0.95479 0.95478 0.95956 0.96318 0.95191)
(-62.1429 0.92039 0.90669 0.89619 0.89091 0.88721 0.88719 0.89286 0.89715 0.88379)
(-57.5 0.84944 0.83369 0.82161 0.81554 0.81129 0.81127 0.81779 0.82272 0.80736)
(-52.8571 0.77195 0.75425 0.74068 0.73386 0.72908 0.72906 0.73638 0.74193 0.72466)
(-48.2143 0.69008 0.67055 0.65558 0.64805 0.64277 0.64275 0.65083 0.65695 0.63789)
(-43.5714 0.60612 0.58488 0.5686 0.56041 0.55468 0.55466 0.56344 0.5701 0.54938)
(-38.9286 0.52238 0.49958 0.4821 0.47331 0.46715 0.46712 0.47655 0.4837 0.46145)
(-34.2857 0.44117 0.41695 0.39838 0.38905 0.3825 0.38248 0.3925 0.40009 0.37646)
(-29.6429 0.36472 0.33924 0.31971 0.30989 0.30301 0.30298 0.31352 0.32151 0.29665)
(-25 0.29512 0.26855 0.24819 0.23794 0.23077 0.23074 0.24173 0.25006 0.22413)
(-23.9286 0.28727 0.25971 0.24044 0.23087 0.22351 0.2234 0.2336 0.24136 0.21752)
(-22.8571 0.27941 0.25087 0.23269 0.22379 0.21625 0.21605 0.22547 0.23267 0.21091)
(-21.7857 0.27156 0.24203 0.22495 0.21671 0.209 0.20871 0.21734 0.22398 0.2043)
(-20.7143 0.26371 0.23318 0.2172 0.20963 0.20174 0.20136 0.20921 0.21528 0.19769)
(-19.6429 0.25585 0.22434 0.20946 0.20256 0.19449 0.19402 0.20108 0.20659 0.19107)
(-18.5714 0.248 0.2155 0.20171 0.19548 0.18723 0.18667 0.19295 0.1979 0.18446)
(-17.5 0.24015 0.20666 0.19397 0.1884 0.17998 0.17933 0.18482 0.1892 0.17785)
(-16.4286 0.23229 0.19781 0.18622 0.18132 0.17272 0.17198 0.17669 0.18051 0.17124)
(-15.3571 0.22444 0.18897 0.17847 0.17424 0.16546 0.16464 0.16856 0.17182 0.16462)
(-14.2857 0.21659 0.18013 0.17073 0.16717 0.15821 0.15729 0.16043 0.16312 0.15801)
(-13.2143 0.20873 0.17129 0.16298 0.16009 0.15095 0.14995 0.1523 0.15443 0.1514)
(-12.1429 0.20088 0.16245 0.15524 0.15301 0.1437 0.1426 0.14417 0.14574 0.14479)
(-10 0.16799 0.13152 0.12743 0.12721 0.11432 0.11559 0.11994 0.12012 0.12249)
(-8 0.16313 0.12122 0.11173 0.11008 0.09915 0.10174 0.10549 0.10861 0.11025)
(-6 0.13979 0.07986 0.07356 0.07112 0.08235 0.08401 0.08156 0.07604 0.07007)
(-4 0.09738 0.04436 0.03847 0.03037 0.03462 0.03101 0.02639 0.02346 0.01728)
(-2 0.08547 0.03017 0.02418 0.01709 0.02305 0.01809 0.01742 0.01355 0.01109)
(0 0.08241 0.02721 0.02101 0.0144 0.02135 0.015 0.01558 0.01105 0.00886)
(1 0.08138 0.02691 0.02055 0.01422 0.0211 0.01469 0.01626 0.01182 0.00933)
(2 0.08356 0.02615 0.02041 0.01411 0.02063 0.01437 0.01697 0.0126 0.00982)
(3 0.08628 0.02653 0.01986 0.01407 0.01993 0.01486 0.01746 0.01322 0.01036)
(4 0.08579 0.02764 0.01972 0.01408 0.01977 0.01531 0.01795 0.01383 0.01091)
(5 0.08555 0.02784 0.02045 0.01418 0.02028 0.01645 0.01928 0.01501 0.01196)
(6 0.08506 0.03078 0.02219 0.01483 0.02118 0.01757 0.02058 0.01616 0.01303)
(7 0.09095 0.03399 0.02472 0.01615 0.02435 0.01971 0.02229 0.01781 0.01481)
(8 0.1264 0.03529 0.02629 0.01702 0.02827 0.02247 0.02516 0.02034 0.01686)
(9 0.14828 0.0412 0.03149 0.0235 0.03185 0.02549 0.0285 0.0233 0.01931)
(10 0.17658 0.05093 0.03906 0.0276 0.03772 0.02888 0.03224 0.02588 0.02165)
(11 0.16425 0.05397 0.05967 0.05198 0.04464 0.03863 0.03965 0.02832 0.0259)
(12 0.20787 0.08516 0.07991 0.07728 0.13197 0.12668 0.1351 0.04747 0.05932)
(13 0.21096 0.14529 0.18339 0.22328 0.12876 0.13774 0.15989 0.13501 0.12445)
(14 0.25224 0.19495 0.21986 0.2088 0.23341 0.16448 0.18534 0.18697 0.14987)
(15 0.25891 0.24015 0.25579 0.2477 0.24339 0.18485 0.20439 0.19403 0.12932)
(16 0.2588 0.25287 0.25677 0.25268 0.24741 0.24005 0.24502 0.2081 0.15125)
(18 0.28879 0.26767 0.2677 0.27087 0.27293 0.26179 0.25735 0.23145 0.20475)
(20 0.2959 0.28881 0.28756 0.27975 0.27202 0.26371 0.23617 0.22793 0.21682)
(25 0.24168 0.21523 0.19434 0.18383 0.17411 0.17487 0.18747 0.19703 0.17056)
(29.6429 0.28798 0.26223 0.24216 0.23209 0.22283 0.22346 0.23526 0.24451 0.21937)
(34.2857 0.34243 0.3176 0.2985 0.28892 0.28022 0.28072 0.29167 0.30051 0.27683)
(38.9286 0.40423 0.38054 0.36256 0.35354 0.34549 0.34585 0.35589 0.36424 0.34213)
(43.5714 0.47223 0.44991 0.43316 0.42476 0.41744 0.41766 0.42674 0.43452 0.41411)
(48.2143 0.54504 0.5243 0.5089 0.50117 0.49466 0.49473 0.50282 0.50997 0.49133)
(52.8571 0.62112 0.60217 0.58822 0.58121 0.57556 0.57548 0.58255 0.58902 0.57224)
(57.5 0.69884 0.68185 0.66945 0.6632 0.65843 0.65822 0.66428 0.67002 0.65516)
(62.1429 0.7765 0.76165 0.75087 0.74542 0.74153 0.74121 0.74627 0.75124 0.73838)
(66.7857 0.85236 0.83979 0.83072 0.82611 0.82305 0.82267 0.82677 0.83093 0.82011)
(71.4286 0.92463 0.91447 0.90715 0.90341 0.90113 0.90073 0.90392 0.90725 0.89852)
(76.0714 0.99131 0.98365 0.97813 0.9753 0.9737 0.97335 0.97569 0.97818 0.97158)
(80.7143 1.0498 1.04471 1.04102 1.03913 1.03811 1.03786 1.03942 1.04106 1.03662)
(85.3571 1.09545 1.09294 1.0911 1.09016 1.08964 1.08954 1.09036 1.09116 1.0889)
(90 1.11406 1.11406 1.11406 1.11406 1.11406 1.11406 1.11406 1.11406 1.11406)
(94.6429 1.11535 1.11298 1.11116 1.11024 1.1096 1.1096 1.11058 1.11132 1.10901)
(99.2857 1.10217 1.09744 1.09382 1.09199 1.09072 1.09071 1.09267 1.09415 1.08953)
(103.929 1.07505 1.06799 1.06258 1.05986 1.05795 1.05795 1.06087 1.06308 1.05619)
(108.571 1.03484 1.02551 1.01835 1.01475 1.01223 1.01222 1.01608 1.01901 1.0099)
(113.214 0.98278 0.97123 0.96237 0.95792 0.95479 0.95478 0.95956 0.96318 0.95191)
(117.857 0.92039 0.90669 0.89619 0.89091 0.88721 0.88719 0.89286 0.89715 0.88379)
(122.5 0.84944 0.83369 0.82161 0.81554 0.81129 0.81127 0.81779 0.82272 0.80736)
(127.143 0.77195 0.75425 0.74068 0.73386 0.72908 0.72906 0.73638 0.74193 0.72466)
(131.786 0.69008 0.67055 0.65558 0.64805 0.64277 0.64275 0.65083 0.65695 0.63789)
(136.429 0.60612 0.58488 0.5686 0.56041 0.55468 0.55466 0.56344 0.5701 0.54938)
(141.071 0.52238 0.49958 0.4821 0.47331 0.46715 0.46712 0.47655 0.4837 0.46145)
(145.714 0.44117 0.41695 0.39838 0.38905 0.3825 0.38248 0.3925 0.40009 0.37646)
(150.357 0.36472 0.33924 0.31971 0.30989 0.30301 0.30298 0.31352 0.32151 0.29665)
(155 0.29512 0.26855 0.24819 0.23794 0.23077 0.23074 0.24173 0.25006 0.22413)
(156.786 0.27058 0.24364 0.22299 0.2126 0.20533 0.2053 0.21644 0.22489 0.1986)
(158.571 0.24745 0.22016 0.19924 0.18872 0.18135 0.18132 0.19261 0.20116 0.17454)
(160.357 0.2258 0.19819 0.17702 0.16638 0.15892 0.1589 0.17031 0.17897 0.15203)
(162.143 0.20573 0.17782 0.15643 0.14568 0.13814 0.13812 0.14965 0.1584 0.13118)
(163.929 0.18731 0.15915 0.13755 0.12669 0.11908 0.11906 0.13071 0.13954 0.11205)
(165.714 0.17063 0.14223 0.12045 0.1095 0.10182 0.1018 0.11355 0.12245 0.09473)
(167.5 0.15575 0.12714 0.1052 0.09416 0.08643 0.08641 0.09824 0.10721 0.07929)
(169.286 0.14274 0.11393 0.09185 0.08075 0.07297 0.07294 0.08485 0.09388 0.06578)
(171.071 0.13163 0.10267 0.08047 0.06931 0.06148 0.06146 0.07343 0.08251 0.05426)
(172.857 0.12248 0.0934 0.0711 0.05988 0.05203 0.052 0.06403 0.07315 0.04477)
(174.643 0.11533 0.08614 0.06377 0.05252 0.04463 0.04461 0.05667 0.06582 0.03735)
(176.429 0.1102 0.08094 0.05851 0.04723 0.03933 0.0393 0.0514 0.06057 0.03203)
(178.214 0.10711 0.07781 0.05535 0.04405 0.03614 0.03611 0.04823 0.05741 0.02883)
(180 0.10608 0.07677 0.05429 0.04299 0.03507 0.03505 0.04717 0.05636 0.02776)
