// From Sheldahl and Klimas (1981)
// Re_c = 30000 50000 60000 75000 100000 125000 150000 200000 250000
// alpha_deg
(-180 1.17579 1.17514 1.17464 1.17439 1.17422 1.17309 1.16395 1.14535 1.01271)
(-178.214 1.17581 1.17516 1.17467 1.17442 1.17424 1.17311 1.16398 1.14538 1.01273)
(-176.429 1.17588 1.17523 1.17474 1.17449 1.17431 1.17318 1.16405 1.14545 1.0128)
(-174.643 1.17599 1.17535 1.17485 1.1746 1.17443 1.1733 1.16416 1.14556 1.01292)
(-172.857 1.17615 1.17551 1.17501 1.17477 1.17459 1.17346 1.16433 1.14572 1.01308)
(-171.071 1.17635 1.17571 1.17522 1.17497 1.1748 1.17367 1.16454 1.14593 1.01329)
(-169.286 1.1766 1.17596 1.17547 1.17523 1.17506 1.17393 1.16479 1.14618 1.01355)
(-167.5 1.17689 1.17625 1.17577 1.17552 1.17535 1.17422 1.16508 1.14648 1.01385)
(-165.714 1.17722 1.17659 1.17611 1.17586 1.17569 1.17457 1.16542 1.14681 1.01419)
(-163.929 1.17759 1.17696 1.17649 1.17624 1.17608 1.17495 1.1658 1.14719 1.01457)
(-162.143 1.17799 1.17738 1.1769 1.17666 1.1765 1.17537 1.16622 1.14761 1.015)
(-160.357 1.17844 1.17783 1.17736 1.17712 1.17696 1.17583 1.16668 1.14807 1.01546)
(-158.571 1.17892 1.17831 1.17785 1.17762 1.17745 1.17633 1.16717 1.14856 1.01596)
(-156.786 1.17943 1.17883 1.17838 1.17815 1.17799 1.17686 1.1677 1.14908 1.01649)
(-155 1.17997 1.17938 1.17893 1.17871 1.17855 1.17742 1.16826 1.14964 1.01705)
(-150.357 1.18151 1.18095 1.18052 1.1803 1.18015 1.17902 1.16985 1.15122 1.01866)
(-145.714 1.1832 1.18267 1.18226 1.18205 1.18191 1.18078 1.1716 1.15296 1.02042)
(-141.071 1.185 1.1845 1.18411 1.18392 1.18378 1.18265 1.17346 1.15481 1.02231)
(-136.429 1.18686 1.18639 1.18603 1.18584 1.18572 1.18459 1.17538 1.15672 1.02425)
(-131.786 1.18871 1.18828 1.18795 1.18778 1.18767 1.18654 1.17731 1.15864 1.02621)
(-127.143 1.19053 1.19013 1.18983 1.18968 1.18958 1.18845 1.17921 1.16053 1.02813)
(-122.5 1.19224 1.19189 1.19163 1.19149 1.1914 1.19027 1.18101 1.16231 1.02996)
(-117.857 1.19381 1.19351 1.19328 1.19316 1.19308 1.19195 1.18267 1.16396 1.03165)
(-113.214 1.19519 1.19494 1.19474 1.19464 1.19457 1.19344 1.18415 1.16542 1.03316)
(-108.571 1.19634 1.19614 1.19598 1.1959 1.19584 1.19472 1.1854 1.16666 1.03444)
(-103.929 1.19723 1.19708 1.19696 1.1969 1.19686 1.19573 1.18639 1.16763 1.03547)
(-99.2857 1.19783 1.19773 1.19765 1.19761 1.19758 1.19645 1.18709 1.16832 1.03621)
(-94.6429 1.19813 1.19807 1.19803 1.19801 1.198 1.19687 1.18749 1.1687 1.03664)
(-90 1.1981 1.1981 1.1981 1.1981 1.1981 1.19697 1.18757 1.16876 1.03675)
(-85.3571 1.19813 1.19807 1.19803 1.19801 1.198 1.19687 1.18749 1.1687 1.03664)
(-80.7143 1.19783 1.19773 1.19765 1.19761 1.19758 1.19645 1.18709 1.16832 1.03621)
(-76.0714 1.19723 1.19708 1.19696 1.1969 1.19686 1.19573 1.18639 1.16763 1.03547)
(-71.4286 1.19634 1.19614 1.19598 1.1959 1.19584 1.19472 1.1854 1.16666 1.03444)
(-66.7857 1.19519 1.19494 1.19474 1.19464 1.19457 1.19344 1.18415 1.16542 1.03316)
(-62.1429 1.19381 1.19351 1.19328 1.19316 1.19308 1.19195 1.18267 1.16396 1.03165)
(-57.5 1.19224 1.19189 1.19163 1.19149 1.1914 1.19027 1.18101 1.16231 1.02996)
(-52.8571 1.19053 1.19013 1.18983 1.18968 1.18958 1.18845 1.17921 1.16053 1.02813)
(-48.2143 1.18871 1.18828 1.18795 1.18778 1.18767 1.18654 1.17731 1.15864 1.02621)
(-43.5714 1.18686 1.18639 1.18603 1.18584 1.18572 1.18459 1.17538 1.15672 1.02425)
(-38.9286 1.185 1.1845 1.18411 1.18392 1.18378 1.18265 1.17346 1.15481 1.02231)
(-34.2857 1.1832 1.18267 1.18226 1.18205 1.18191 1.18078 1.1716 1.15296 1.02042)
(-29.6429 1.18151 1.18095 1.18052 1.1803 1.18015 1.17902 1.16985 1.15122 1.01866)
(-25 1.17997 1.17938 1.17893 1.17871 1.17855 1.17742 1.16826 1.14964 1.01705)
(-23.9286 1.1798 1.17919 1.17876 1.17855 1.17839 1.17726 1.16808 1.14945 1.01691)
(-22.8571 1.17962 1.17899 1.17859 1.17839 1.17823 1.17709 1.1679 1.14925 1.01676)
(-21.7857 1.17945 1.1788 1.17842 1.17824 1.17807 1.17693 1.16772 1.14906 1.01661)
(-20.7143 1.17928 1.1786 1.17825 1.17808 1.17791 1.17677 1.16754 1.14887 1.01647)
(-19.6429 1.1791 1.17841 1.17808 1.17792 1.17775 1.17661 1.16736 1.14868 1.01632)
(-18.5714 1.17893 1.17821 1.17791 1.17777 1.17758 1.17644 1.16718 1.14848 1.01618)
(-17.5 1.17876 1.17801 1.17773 1.17761 1.17742 1.17628 1.167 1.14829 1.01603)
(-16.4286 1.17858 1.17782 1.17756 1.17745 1.17726 1.17612 1.16682 1.1481 1.01588)
(-15.3571 1.17841 1.17762 1.17739 1.1773 1.1771 1.17596 1.16664 1.14791 1.01574)
(-14.2857 1.17823 1.17743 1.17722 1.17714 1.17694 1.17579 1.16646 1.14771 1.01559)
(-13.2143 1.17806 1.17723 1.17705 1.17698 1.17678 1.17563 1.16628 1.14752 1.01544)
(-12.1429 1.17789 1.17704 1.17688 1.17683 1.17662 1.17547 1.1661 1.14733 1.0153)
(-10 1.17896 1.17774 1.17755 1.17748 1.17753 1.17616 1.1664 1.14763 1.01575)
(-8 1.1778 1.17656 1.17624 1.17617 1.17616 1.17484 1.16505 1.14635 1.01443)
(-6 1.17647 1.17503 1.17485 1.17473 1.17499 1.17364 1.16397 1.14519 1.01323)
(-4 1.17554 1.17434 1.17422 1.17405 1.17406 1.17275 1.1633 1.1445 1.01246)
(-2 1.17526 1.17407 1.17394 1.1738 1.17389 1.17265 1.1633 1.14441 1.01234)
(0 1.17526 1.17404 1.17391 1.17376 1.17391 1.17264 1.16325 1.14435 1.01229)
(1 1.17525 1.17404 1.17389 1.17375 1.17391 1.17263 1.16327 1.14437 1.0123)
(2 1.17529 1.17401 1.17389 1.17375 1.1739 1.17262 1.16329 1.14439 1.01232)
(3 1.17534 1.17402 1.17387 1.17375 1.17387 1.17262 1.1633 1.1444 1.01233)
(4 1.17532 1.17404 1.17387 1.17375 1.17386 1.17263 1.16331 1.14441 1.01234)
(5 1.17531 1.17404 1.17388 1.17375 1.17387 1.17266 1.16333 1.14443 1.01236)
(6 1.17531 1.17411 1.17392 1.17376 1.17389 1.17269 1.16336 1.14446 1.01238)
(7 1.17546 1.1742 1.17399 1.1738 1.17398 1.17275 1.1634 1.1445 1.01242)
(8 1.17629 1.17425 1.17405 1.17384 1.1741 1.17284 1.16348 1.14457 1.01248)
(9 1.17686 1.17442 1.1742 1.17401 1.17424 1.17295 1.16359 1.14466 1.01255)
(10 1.17764 1.17471 1.17443 1.17414 1.17445 1.1731 1.16373 1.14477 1.01265)
(11 1.17753 1.17486 1.17495 1.17476 1.17473 1.17344 1.16402 1.14494 1.01285)
(12 1.17893 1.17566 1.17554 1.17547 1.17707 1.1758 1.16658 1.14559 1.01382)
(13 1.17937 1.17754 1.17849 1.17951 1.17737 1.17636 1.16746 1.14796 1.01567)
(14 1.1807 1.17936 1.17983 1.17951 1.1802 1.17736 1.1684 1.14954 1.01666)
(15 1.18121 1.1808 1.18108 1.18087 1.18082 1.17828 1.16922 1.15008 1.01656)
(16 1.18153 1.18139 1.18147 1.18137 1.18132 1.18001 1.17056 1.15084 1.01749)
(18 1.18284 1.18231 1.18236 1.18247 1.18266 1.18127 1.17164 1.15204 1.01954)
(20 1.18373 1.18355 1.18355 1.18344 1.18344 1.18212 1.17207 1.15301 1.02064)
(25 1.18439 1.18379 1.18339 1.18318 1.18323 1.18204 1.17275 1.15402 1.02148)
(29.6429 1.18786 1.18732 1.18693 1.18673 1.18678 1.18559 1.17632 1.15759 1.02505)
(34.2857 1.19137 1.19088 1.19051 1.19033 1.19036 1.18919 1.17993 1.16119 1.02866)
(38.9286 1.19477 1.19434 1.19399 1.19382 1.19384 1.19268 1.18343 1.16469 1.03217)
(43.5714 1.19792 1.19754 1.19722 1.19706 1.19706 1.19591 1.18668 1.16793 1.03543)
(48.2143 1.2007 1.20037 1.20008 1.19993 1.19991 1.19877 1.18955 1.17079 1.03833)
(52.8571 1.20299 1.20271 1.20244 1.2023 1.20227 1.20114 1.19192 1.17317 1.04073)
(57.5 1.20469 1.20444 1.2042 1.20408 1.20403 1.20292 1.1937 1.17494 1.04254)
(62.1429 1.20571 1.2055 1.20529 1.20519 1.20512 1.20402 1.19479 1.17602 1.04367)
(66.7857 1.20597 1.2058 1.20562 1.20554 1.20546 1.20437 1.19513 1.17636 1.04406)
(71.4286 1.20546 1.20532 1.20517 1.2051 1.20503 1.20393 1.19467 1.1759 1.04365)
(76.0714 1.20416 1.20405 1.20394 1.20389 1.20382 1.20272 1.19343 1.17465 1.04246)
(80.7143 1.20216 1.20209 1.20201 1.20198 1.20193 1.20082 1.1915 1.17271 1.04058)
(85.3571 1.19977 1.19973 1.19969 1.19967 1.19965 1.19853 1.18916 1.17037 1.0383)
(90 1.1981 1.1981 1.1981 1.1981 1.1981 1.19697 1.18757 1.16876 1.03675)
(94.6429 1.19813 1.19807 1.19803 1.19801 1.198 1.19687 1.18749 1.1687 1.03664)
(99.2857 1.19783 1.19773 1.19765 1.19761 1.19758 1.19645 1.18709 1.16832 1.03621)
(103.929 1.19723 1.19708 1.19696 1.1969 1.19686 1.19573 1.18639 1.16763 1.03547)
(108.571 1.19634 1.19614 1.19598 1.1959 1.19584 1.19472 1.1854 1.16666 1.03444)
(113.214 1.19519 1.19494 1.19474 1.19464 1.19457 1.19344 1.18415 1.16542 1.03316)
(117.857 1.19381 1.19351 1.19328 1.19316 1.19308 1.19195 1.18267 1.16396 1.03165)
(122.5 1.19224 1.19189 1.19163 1.19149 1.1914 1.19027 1.18101 1.16231 1.02996)
(127.143 1.19053 1.19013 1.18983 1.18968 1.18958 1.18845 1.17921 1.16053 1.02813)
(131.786 1.18871 1.18828 1.18795 1.18778 1.18767 1.18654 1.17731 1.15864 1.02621)
(136.429 1.18686 1.18639 1.18603 1.18584 1.18572 1.18459 1.17538 1.15672 1.02425)
(141.071 1.185 1.1845 1.18411 1.18392 1.18378 1.18265 1.17346 1.15481 1.02231)
(145.714 1.1832 1.18267 1.18226 1.18205 1.18191 1.18078 1.1716 1.15296 1.02042)
(150.357 1.18151 1.18095 1.18052 1.1803 1.18015 1.17902 1.16985 1.15122 1.01866)
(155 1.17997 1.17938 1.17893 1.17871 1.17855 1.17742 1.16826 1.14964 1.01705)
(156.786 1.17943 1.17883 1.17838 1.17815 1.17799 1.17686 1.1677 1.14908 1.01649)
(158.571 1.17892 1.17831 1.17785 1.17762 1.17745 1.17633 1.16717 1.14856 1.01596)
(160.357 1.17844 1.17783 1.17736 1.17712 1.17696 1.17583 1.16668 1.14807 1.01546)
(162.143 1.17799 1.17738 1.1769 1.17666 1.1765 1.17537 1.16622 1.14761 1.015)
(163.929 1.17759 1.17696 1.17649 1.17624 1.17608 1.17495 1.1658 1.14719 1.01457)
(165.714 1.17722 1.17659 1.17611 1.17586 1.17569 1.17457 1.16542 1.14681 1.01419)
(167.5 1.17689 1.17625 1.17577 1.17552 1.17535 1.17422 1.16508 1.14648 1.01385)
(169.286 1.1766 1.17596 1.17547 1.17523 1.17506 1.17393 1.16479 1.14618 1.01355)
(171.071 1.17635 1.17571 1.17522 1.17497 1.1748 1.17367 1.16454 1.14593 1.01329)
(172.857 1.17615 1.17551 1.17501 1.17477 1.17459 1.17346 1.16433 1.14572 1.01308)
(174.643 1.17599 1.17535 1.17485 1.1746 1.17443 1.1733 1.16416 1.14556 1.01292)
(176.429 1.17588 1.17523 1.17474 1.17449 1.17431 1.17318 1.16405 1.14545 1.0128)
(178.214 1.17581 1.17516 1.17467 1.17442 1.17424 1.17311 1.16398 1.14538 1.01273)
(180 1.17579 1.17514 1.17464 1.17439 1.17422 1.17309 1.16395 1.14535 1.01271)
