// From Sheldahl and Klimas (1981)
// Re_c = 30000 50000 60000 75000 100000 125000 150000 200000 250000
// alpha_deg
(-180 0 0 0 0 0 0 0 0 0)
(-178.214 0.0375 0.03949 0.03929 0.03892 0.03853 0.03864 0.03992 0.04034 0.03883)
(-176.429 0.075 0.07898 0.07858 0.07785 0.07707 0.07728 0.07983 0.08067 0.07766)
(-174.643 0.11249 0.11847 0.11787 0.11677 0.1156 0.11592 0.11975 0.12101 0.1165)
(-172.857 0.14999 0.15796 0.15716 0.1557 0.15414 0.15456 0.15967 0.16134 0.15533)
(-171.071 0.18749 0.19745 0.19645 0.19462 0.19267 0.19321 0.19958 0.20168 0.19416)
(-169.286 0.22499 0.23694 0.23574 0.23355 0.2312 0.23185 0.2395 0.24202 0.23299)
(-167.5 0.26249 0.27643 0.27503 0.27247 0.26974 0.27049 0.27942 0.28235 0.27182)
(-165.714 0.29999 0.31592 0.31431 0.31139 0.30827 0.30913 0.31934 0.32269 0.31065)
(-163.929 0.33748 0.35541 0.3536 0.35032 0.34681 0.34777 0.35925 0.36302 0.34949)
(-162.143 0.37498 0.3949 0.39289 0.38924 0.38534 0.38641 0.39917 0.40336 0.38832)
(-160.357 0.41248 0.43439 0.43218 0.42817 0.42387 0.42505 0.43909 0.4437 0.42715)
(-158.571 0.44998 0.47388 0.47147 0.46709 0.46241 0.46369 0.479 0.48403 0.46598)
(-156.786 0.48748 0.51337 0.51076 0.50602 0.50094 0.50234 0.51892 0.52437 0.50481)
(-155 0.52498 0.55286 0.55005 0.54494 0.53948 0.54098 0.55884 0.5647 0.54364)
(-150.357 0.48635 0.50827 0.50606 0.50204 0.49775 0.49893 0.51296 0.51757 0.50102)
(-145.714 0.45714 0.47453 0.47278 0.46959 0.46618 0.46712 0.47826 0.48191 0.46878)
(-141.071 0.43142 0.44524 0.44385 0.44132 0.43861 0.43935 0.4482 0.45111 0.44067)
(-136.429 0.40579 0.41672 0.41561 0.41361 0.41147 0.41206 0.41906 0.42136 0.4131)
(-131.786 0.37823 0.38677 0.38591 0.38435 0.38267 0.38313 0.3886 0.3904 0.38395)
(-127.143 0.34761 0.35417 0.35351 0.35231 0.35102 0.35138 0.35558 0.35696 0.352)
(-122.5 0.31339 0.3183 0.31781 0.31691 0.31594 0.31621 0.31935 0.32039 0.31668)
(-117.857 0.27547 0.27901 0.27865 0.27801 0.27731 0.2775 0.27977 0.28052 0.27784)
(-113.214 0.23409 0.23651 0.23627 0.23582 0.23535 0.23548 0.23703 0.23754 0.23571)
(-108.571 0.18976 0.19129 0.19114 0.19086 0.19056 0.19064 0.19162 0.19195 0.19079)
(-103.929 0.14322 0.14407 0.14399 0.14383 0.14366 0.14371 0.14426 0.14444 0.14379)
(-99.2857 0.09536 0.09574 0.09571 0.09564 0.09556 0.09558 0.09582 0.0959 0.09562)
(-94.6429 0.04725 0.04734 0.04733 0.04732 0.0473 0.0473 0.04736 0.04738 0.04731)
(-90 0 0 0 0 0 0 0 0 0)
(-85.3571 -0.04725 -0.04734 -0.04733 -0.04732 -0.0473 -0.0473 -0.04736 -0.04738 -0.04731)
(-80.7143 -0.09536 -0.09574 -0.09571 -0.09564 -0.09556 -0.09558 -0.09582 -0.0959 -0.09562)
(-76.0714 -0.14322 -0.14407 -0.14399 -0.14383 -0.14366 -0.14371 -0.14426 -0.14444 -0.14379)
(-71.4286 -0.18976 -0.19129 -0.19114 -0.19086 -0.19056 -0.19064 -0.19162 -0.19195 -0.19079)
(-66.7857 -0.23409 -0.23651 -0.23627 -0.23582 -0.23535 -0.23548 -0.23703 -0.23754 -0.23571)
(-62.1429 -0.27547 -0.27901 -0.27865 -0.27801 -0.27731 -0.2775 -0.27977 -0.28052 -0.27784)
(-57.5 -0.31339 -0.3183 -0.31781 -0.31691 -0.31594 -0.31621 -0.31935 -0.32039 -0.31668)
(-52.8571 -0.34761 -0.35417 -0.35351 -0.35231 -0.35102 -0.35138 -0.35558 -0.35696 -0.352)
(-48.2143 -0.37823 -0.38677 -0.38591 -0.38435 -0.38267 -0.38313 -0.3886 -0.3904 -0.38395)
(-43.5714 -0.40579 -0.41672 -0.41561 -0.41361 -0.41147 -0.41206 -0.41906 -0.42136 -0.4131)
(-38.9286 -0.43142 -0.44524 -0.44385 -0.44132 -0.43861 -0.43935 -0.4482 -0.45111 -0.44067)
(-34.2857 -0.45714 -0.47453 -0.47278 -0.46959 -0.46618 -0.46712 -0.47826 -0.48191 -0.46878)
(-29.6429 -0.48635 -0.50827 -0.50606 -0.50204 -0.49775 -0.49893 -0.51296 -0.51757 -0.50102)
(-25 -0.52498 -0.55286 -0.55005 -0.54494 -0.53948 -0.54098 -0.55884 -0.5647 -0.54364)
(-23.9286 -0.49699 -0.52532 -0.52359 -0.51892 -0.51441 -0.5158 -0.53319 -0.53936 -0.52006)
(-22.8571 -0.469 -0.49778 -0.49712 -0.49289 -0.48934 -0.49062 -0.50755 -0.51402 -0.49648)
(-21.7857 -0.44101 -0.47023 -0.47066 -0.46687 -0.46427 -0.46545 -0.4819 -0.48868 -0.4729)
(-20.7143 -0.41303 -0.44269 -0.4442 -0.44084 -0.4392 -0.44027 -0.45625 -0.46334 -0.44932)
(-19.6429 -0.38504 -0.41515 -0.41773 -0.41482 -0.41413 -0.41509 -0.43061 -0.438 -0.42574)
(-18.5714 -0.35705 -0.3876 -0.39127 -0.3888 -0.38907 -0.38992 -0.40496 -0.41266 -0.40216)
(-17.5 -0.32907 -0.36006 -0.36481 -0.36277 -0.364 -0.36474 -0.37932 -0.38732 -0.37858)
(-16.4286 -0.30108 -0.33252 -0.33834 -0.33675 -0.33893 -0.33956 -0.35367 -0.36198 -0.355)
(-15.3571 -0.27309 -0.30497 -0.31188 -0.31072 -0.31386 -0.31439 -0.32803 -0.33664 -0.33142)
(-14.2857 -0.2451 -0.27743 -0.28542 -0.2847 -0.28879 -0.28921 -0.30238 -0.31129 -0.30784)
(-13.2143 -0.21712 -0.24989 -0.25895 -0.25868 -0.26373 -0.26403 -0.27674 -0.28595 -0.28426)
(-12.1429 -0.18913 -0.22234 -0.23249 -0.23265 -0.23866 -0.23886 -0.25109 -0.26061 -0.26068)
(-10 -0.21454 -0.22995 -0.23787 -0.23576 -0.25892 -0.24686 -0.23752 -0.24893 -0.25647)
(-8 -0.20708 -0.21438 -0.22581 -0.21857 -0.25665 -0.24591 -0.24253 -0.25272 -0.26344)
(-6 -0.19721 -0.17565 -0.17747 -0.17736 -0.25604 -0.24946 -0.20917 -0.19757 -0.18443)
(-4 -0.0537 -0.01572 -0.0082 0.00351 -0.07136 -0.05079 0.02079 0.02044 0.02468)
(-2 0.0833 0.13453 0.14375 0.15514 0.11084 0.13976 0.20108 0.18563 0.16673)
(0 0.24834 0.28917 0.29653 0.30209 0.29361 0.31097 0.33903 0.3211 0.30271)
(1 0.32259 0.36103 0.36702 0.37213 0.3766 0.38403 0.40988 0.39138 0.37289)
(2 0.3925 0.4302 0.43677 0.44222 0.4576 0.45697 0.48071 0.46165 0.44304)
(3 0.4579 0.49763 0.50621 0.51223 0.53026 0.52506 0.5479 0.52962 0.51127)
(4 0.51737 0.5652 0.57567 0.58125 0.60021 0.59307 0.61507 0.59755 0.57939)
(5 0.57757 0.6298 0.64052 0.6475 0.66597 0.65845 0.67879 0.66162 0.64482)
(6 0.6426 0.69226 0.70496 0.71263 0.73104 0.72364 0.7424 0.72561 0.71007)
(7 0.69592 0.75233 0.76482 0.77414 0.79272 0.78521 0.80145 0.78663 0.77209)
(8 0.72304 0.80805 0.82051 0.82915 0.85024 0.84253 0.85755 0.84449 0.83112)
(9 0.74271 0.85423 0.86819 0.88014 0.90345 0.89535 0.90857 0.89764 0.8848)
(10 0.73821 0.89559 0.91717 0.94092 0.94935 0.94213 0.94858 0.94123 0.92962)
(11 0.76781 0.94692 0.97469 0.98504 0.9772 0.96617 0.96693 0.95998 0.95454)
(12 0.68358 0.99167 1.00297 1.00307 0.87056 0.86546 0.85692 0.94791 0.93881)
(13 0.67911 0.86665 0.83399 0.77792 0.84007 0.86207 0.85064 0.88368 0.88387)
(14 0.67461 0.73977 0.77718 0.80244 0.7871 0.85007 0.84939 0.86147 0.85728)
(15 0.70921 0.7474 0.7747 0.78692 0.8052 0.83893 0.86138 0.87255 0.87634)
(16 0.74157 0.78232 0.79267 0.7968 0.80905 0.80848 0.8529 0.86006 0.8632)
(18 0.80765 0.86214 0.85723 0.84881 0.84989 0.84604 0.87616 0.90692 0.86597)
(20 0.85821 0.90215 0.90266 0.89021 0.89266 0.88362 0.88946 0.88519 0.89098)
(25 0.98361 1.02292 1.02121 1.01505 1.01835 1.01708 1.03556 1.03856 1.01084)
(29.6429 0.95653 0.98877 0.98744 0.98257 0.98454 0.984 0.99971 1.002 0.97933)
(34.2857 0.92567 0.95221 0.95116 0.94728 0.94836 0.94827 0.96159 0.96337 0.94476)
(38.9286 0.88651 0.90828 0.90744 0.90434 0.90479 0.90499 0.91623 0.91764 0.9024)
(43.5714 0.83697 0.85466 0.85399 0.85154 0.85151 0.8519 0.86132 0.86244 0.85007)
(48.2143 0.77645 0.79061 0.79008 0.78817 0.78778 0.7883 0.7961 0.79698 0.78709)
(52.8571 0.70531 0.71642 0.716 0.71455 0.71391 0.7145 0.72084 0.72154 0.71378)
(57.5 0.6247 0.63317 0.63284 0.63177 0.631 0.63161 0.63664 0.63717 0.63127)
(62.1429 0.53637 0.54258 0.54234 0.54158 0.54079 0.54136 0.5452 0.5456 0.54128)
(66.7857 0.44262 0.44692 0.44675 0.44625 0.44552 0.44601 0.44879 0.44908 0.44608)
(71.4286 0.34616 0.34892 0.34881 0.3485 0.34791 0.34829 0.35015 0.35034 0.34842)
(76.0714 0.25013 0.25168 0.25162 0.25145 0.25105 0.2513 0.2524 0.2525 0.25143)
(80.7143 0.15795 0.15864 0.15861 0.15854 0.15833 0.15846 0.15897 0.15902 0.15854)
(85.3571 0.07329 0.07347 0.07346 0.07344 0.07338 0.07342 0.07355 0.07356 0.07344)
(90 0 0 0 0 0 0 0 0 0)
(94.6429 -0.04725 -0.04734 -0.04733 -0.04732 -0.0473 -0.0473 -0.04736 -0.04738 -0.04731)
(99.2857 -0.09536 -0.09574 -0.09571 -0.09564 -0.09556 -0.09558 -0.09582 -0.0959 -0.09562)
(103.929 -0.14322 -0.14407 -0.14399 -0.14383 -0.14366 -0.14371 -0.14426 -0.14444 -0.14379)
(108.571 -0.18976 -0.19129 -0.19114 -0.19086 -0.19056 -0.19064 -0.19162 -0.19195 -0.19079)
(113.214 -0.23409 -0.23651 -0.23627 -0.23582 -0.23535 -0.23548 -0.23703 -0.23754 -0.23571)
(117.857 -0.27547 -0.27901 -0.27865 -0.27801 -0.27731 -0.2775 -0.27977 -0.28052 -0.27784)
(122.5 -0.31339 -0.3183 -0.31781 -0.31691 -0.31594 -0.31621 -0.31935 -0.32039 -0.31668)
(127.143 -0.34761 -0.35417 -0.35351 -0.35231 -0.35102 -0.35138 -0.35558 -0.35696 -0.352)
(131.786 -0.37823 -0.38677 -0.38591 -0.38435 -0.38267 -0.38313 -0.3886 -0.3904 -0.38395)
(136.429 -0.40579 -0.41672 -0.41561 -0.41361 -0.41147 -0.41206 -0.41906 -0.42136 -0.4131)
(141.071 -0.43142 -0.44524 -0.44385 -0.44132 -0.43861 -0.43935 -0.4482 -0.45111 -0.44067)
(145.714 -0.45714 -0.47453 -0.47278 -0.46959 -0.46618 -0.46712 -0.47826 -0.48191 -0.46878)
(150.357 -0.48635 -0.50827 -0.50606 -0.50204 -0.49775 -0.49893 -0.51296 -0.51757 -0.50102)
(155 -0.52498 -0.55286 -0.55005 -0.54494 -0.53948 -0.54098 -0.55884 -0.5647 -0.54364)
(156.786 -0.48748 -0.51337 -0.51076 -0.50602 -0.50094 -0.50234 -0.51892 -0.52437 -0.50481)
(158.571 -0.44998 -0.47388 -0.47147 -0.46709 -0.46241 -0.46369 -0.479 -0.48403 -0.46598)
(160.357 -0.41248 -0.43439 -0.43218 -0.42817 -0.42387 -0.42505 -0.43909 -0.4437 -0.42715)
(162.143 -0.37498 -0.3949 -0.39289 -0.38924 -0.38534 -0.38641 -0.39917 -0.40336 -0.38832)
(163.929 -0.33748 -0.35541 -0.3536 -0.35032 -0.34681 -0.34777 -0.35925 -0.36302 -0.34949)
(165.714 -0.29999 -0.31592 -0.31431 -0.31139 -0.30827 -0.30913 -0.31934 -0.32269 -0.31065)
(167.5 -0.26249 -0.27643 -0.27503 -0.27247 -0.26974 -0.27049 -0.27942 -0.28235 -0.27182)
(169.286 -0.22499 -0.23694 -0.23574 -0.23355 -0.2312 -0.23185 -0.2395 -0.24202 -0.23299)
(171.071 -0.18749 -0.19745 -0.19645 -0.19462 -0.19267 -0.19321 -0.19958 -0.20168 -0.19416)
(172.857 -0.14999 -0.15796 -0.15716 -0.1557 -0.15414 -0.15456 -0.15967 -0.16134 -0.15533)
(174.643 -0.11249 -0.11847 -0.11787 -0.11677 -0.1156 -0.11592 -0.11975 -0.12101 -0.1165)
(176.429 -0.075 -0.07898 -0.07858 -0.07785 -0.07707 -0.07728 -0.07983 -0.08067 -0.07766)
(178.214 -0.0375 -0.03949 -0.03929 -0.03892 -0.03853 -0.03864 -0.03992 -0.04034 -0.03883)
(180 0 0 0 0 0 0 0 0 0)
