// From Sheldahl and Klimas (1981)
// Re_c = 30000 50000 60000 75000 100000 125000 150000 200000 250000
// alpha_deg
(-180 1.2 1.2 1.2 1.2 1.2 1.19885 1.18923 1.17 1.035)
(-178.214 1.2 1.2 1.2 1.2 1.2 1.19885 1.18923 1.17 1.035)
(-176.429 1.2 1.2 1.2 1.2 1.2 1.19885 1.18923 1.17 1.035)
(-174.643 1.2 1.2 1.2 1.2 1.2 1.19885 1.18923 1.17 1.035)
(-172.857 1.2 1.2 1.2 1.2 1.2 1.19885 1.18923 1.17 1.035)
(-171.071 1.2 1.2 1.2 1.2 1.2 1.19885 1.18923 1.17 1.035)
(-169.286 1.2 1.2 1.2 1.2 1.2 1.19885 1.18923 1.17 1.035)
(-167.5 1.2 1.2 1.2 1.2 1.2 1.19885 1.18923 1.17 1.035)
(-165.714 1.2 1.2 1.2 1.2 1.2 1.19885 1.18923 1.17 1.035)
(-163.929 1.2 1.2 1.2 1.2 1.2 1.19885 1.18923 1.17 1.035)
(-162.143 1.2 1.2 1.2 1.2 1.2 1.19885 1.18923 1.17 1.035)
(-160.357 1.2 1.2 1.2 1.2 1.2 1.19885 1.18923 1.17 1.035)
(-158.571 1.2 1.2 1.2 1.2 1.2 1.19885 1.18923 1.17 1.035)
(-156.786 1.2 1.2 1.2 1.2 1.2 1.19885 1.18923 1.17 1.035)
(-155 1.2 1.2 1.2 1.2 1.2 1.19885 1.18923 1.17 1.035)
(-150.357 1.2 1.2 1.2 1.2 1.2 1.19885 1.18923 1.17 1.035)
(-145.714 1.2 1.2 1.2 1.2 1.2 1.19885 1.18923 1.17 1.035)
(-141.071 1.2 1.2 1.2 1.2 1.2 1.19885 1.18923 1.17 1.035)
(-136.429 1.2 1.2 1.2 1.2 1.2 1.19885 1.18923 1.17 1.035)
(-131.786 1.2 1.2 1.2 1.2 1.2 1.19885 1.18923 1.17 1.035)
(-127.143 1.2 1.2 1.2 1.2 1.2 1.19885 1.18923 1.17 1.035)
(-122.5 1.2 1.2 1.2 1.2 1.2 1.19885 1.18923 1.17 1.035)
(-117.857 1.2 1.2 1.2 1.2 1.2 1.19885 1.18923 1.17 1.035)
(-113.214 1.2 1.2 1.2 1.2 1.2 1.19885 1.18923 1.17 1.035)
(-108.571 1.2 1.2 1.2 1.2 1.2 1.19885 1.18923 1.17 1.035)
(-103.929 1.2 1.2 1.2 1.2 1.2 1.19885 1.18923 1.17 1.035)
(-99.2857 1.2 1.2 1.2 1.2 1.2 1.19885 1.18923 1.17 1.035)
(-94.6429 1.2 1.2 1.2 1.2 1.2 1.19885 1.18923 1.17 1.035)
(-90 1.2 1.2 1.2 1.2 1.2 1.19885 1.18923 1.17 1.035)
(-85.3571 1.2 1.2 1.2 1.2 1.2 1.19885 1.18923 1.17 1.035)
(-80.7143 1.2 1.2 1.2 1.2 1.2 1.19885 1.18923 1.17 1.035)
(-76.0714 1.2 1.2 1.2 1.2 1.2 1.19885 1.18923 1.17 1.035)
(-71.4286 1.2 1.2 1.2 1.2 1.2 1.19885 1.18923 1.17 1.035)
(-66.7857 1.2 1.2 1.2 1.2 1.2 1.19885 1.18923 1.17 1.035)
(-62.1429 1.2 1.2 1.2 1.2 1.2 1.19885 1.18923 1.17 1.035)
(-57.5 1.2 1.2 1.2 1.2 1.2 1.19885 1.18923 1.17 1.035)
(-52.8571 1.2 1.2 1.2 1.2 1.2 1.19885 1.18923 1.17 1.035)
(-48.2143 1.2 1.2 1.2 1.2 1.2 1.19885 1.18923 1.17 1.035)
(-43.5714 1.2 1.2 1.2 1.2 1.2 1.19885 1.18923 1.17 1.035)
(-38.9286 1.2 1.2 1.2 1.2 1.2 1.19885 1.18923 1.17 1.035)
(-34.2857 1.2 1.2 1.2 1.2 1.2 1.19885 1.18923 1.17 1.035)
(-29.6429 1.2 1.2 1.2 1.2 1.2 1.19885 1.18923 1.17 1.035)
(-25 1.2 1.2 1.2 1.2 1.2 1.19885 1.18923 1.17 1.035)
(-23.9286 1.2 1.2 1.2 1.2 1.2 1.19885 1.18923 1.17 1.035)
(-22.8571 1.2 1.2 1.2 1.2 1.2 1.19885 1.18923 1.17 1.035)
(-21.7857 1.2 1.2 1.2 1.2 1.2 1.19885 1.18923 1.17 1.035)
(-20.7143 1.2 1.2 1.2 1.2 1.2 1.19885 1.18923 1.17 1.035)
(-19.6429 1.2 1.2 1.2 1.2 1.2 1.19885 1.18923 1.17 1.035)
(-18.5714 1.2 1.2 1.2 1.2 1.2 1.19885 1.18923 1.17 1.035)
(-17.5 1.2 1.2 1.2 1.2 1.2 1.19885 1.18923 1.17 1.035)
(-16.4286 1.2 1.2 1.2 1.2 1.2 1.19885 1.18923 1.17 1.035)
(-15.3571 1.2 1.2 1.2 1.2 1.2 1.19885 1.18923 1.17 1.035)
(-14.2857 1.2 1.2 1.2 1.2 1.2 1.19885 1.18923 1.17 1.035)
(-13.2143 1.2 1.2 1.2 1.2 1.2 1.19885 1.18923 1.17 1.035)
(-12.1429 1.2 1.2 1.2 1.2 1.2 1.19885 1.18923 1.17 1.035)
(-10 1.2 1.2 1.2 1.2 1.2 1.19885 1.18923 1.17 1.035)
(-8 1.2 1.2 1.2 1.2 1.2 1.19885 1.18923 1.17 1.035)
(-6 1.2 1.2 1.2 1.2 1.2 1.19885 1.18923 1.17 1.035)
(-4 1.2 1.2 1.2 1.2 1.2 1.19885 1.18923 1.17 1.035)
(-2 1.2 1.2 1.2 1.2 1.2 1.19885 1.18923 1.17 1.035)
(0 1.2 1.2 1.2 1.2 1.2 1.19885 1.18923 1.17 1.035)
(1 1.2 1.2 1.2 1.2 1.2 1.19885 1.18923 1.17 1.035)
(2 1.2 1.2 1.2 1.2 1.2 1.19885 1.18923 1.17 1.035)
(3 1.2 1.2 1.2 1.2 1.2 1.19885 1.18923 1.17 1.035)
(4 1.2 1.2 1.2 1.2 1.2 1.19885 1.18923 1.17 1.035)
(5 1.2 1.2 1.2 1.2 1.2 1.19885 1.18923 1.17 1.035)
(6 1.2 1.2 1.2 1.2 1.2 1.19885 1.18923 1.17 1.035)
(7 1.2 1.2 1.2 1.2 1.2 1.19885 1.18923 1.17 1.035)
(8 1.2 1.2 1.2 1.2 1.2 1.19885 1.18923 1.17 1.035)
(9 1.2 1.2 1.2 1.2 1.2 1.19885 1.18923 1.17 1.035)
(10 1.2 1.2 1.2 1.2 1.2 1.19885 1.18923 1.17 1.035)
(11 1.2 1.2 1.2 1.2 1.2 1.19885 1.18923 1.17 1.035)
(12 1.2 1.2 1.2 1.2 1.2 1.19885 1.18923 1.17 1.035)
(13 1.2 1.2 1.2 1.2 1.2 1.19885 1.18923 1.17 1.035)
(14 1.2 1.2 1.2 1.2 1.2 1.19885 1.18923 1.17 1.035)
(15 1.2 1.2 1.2 1.2 1.2 1.19885 1.18923 1.17 1.035)
(16 1.2 1.2 1.2 1.2 1.2 1.19885 1.18923 1.17 1.035)
(18 1.2 1.2 1.2 1.2 1.2 1.19885 1.18923 1.17 1.035)
(20 1.2 1.2 1.2 1.2 1.2 1.19885 1.18923 1.17 1.035)
(25 1.2 1.2 1.2 1.2 1.2 1.19885 1.18923 1.17 1.035)
(29.6429 1.2 1.2 1.2 1.2 1.2 1.19885 1.18923 1.17 1.035)
(34.2857 1.2 1.2 1.2 1.2 1.2 1.19885 1.18923 1.17 1.035)
(38.9286 1.2 1.2 1.2 1.2 1.2 1.19885 1.18923 1.17 1.035)
(43.5714 1.2 1.2 1.2 1.2 1.2 1.19885 1.18923 1.17 1.035)
(48.2143 1.2 1.2 1.2 1.2 1.2 1.19885 1.18923 1.17 1.035)
(52.8571 1.2 1.2 1.2 1.2 1.2 1.19885 1.18923 1.17 1.035)
(57.5 1.2 1.2 1.2 1.2 1.2 1.19885 1.18923 1.17 1.035)
(62.1429 1.2 1.2 1.2 1.2 1.2 1.19885 1.18923 1.17 1.035)
(66.7857 1.2 1.2 1.2 1.2 1.2 1.19885 1.18923 1.17 1.035)
(71.4286 1.2 1.2 1.2 1.2 1.2 1.19885 1.18923 1.17 1.035)
(76.0714 1.2 1.2 1.2 1.2 1.2 1.19885 1.18923 1.17 1.035)
(80.7143 1.2 1.2 1.2 1.2 1.2 1.19885 1.18923 1.17 1.035)
(85.3571 1.2 1.2 1.2 1.2 1.2 1.19885 1.18923 1.17 1.035)
(90 1.2 1.2 1.2 1.2 1.2 1.19885 1.18923 1.17 1.035)
(94.6429 1.2 1.2 1.2 1.2 1.2 1.19885 1.18923 1.17 1.035)
(99.2857 1.2 1.2 1.2 1.2 1.2 1.19885 1.18923 1.17 1.035)
(103.929 1.2 1.2 1.2 1.2 1.2 1.19885 1.18923 1.17 1.035)
(108.571 1.2 1.2 1.2 1.2 1.2 1.19885 1.18923 1.17 1.035)
(113.214 1.2 1.2 1.2 1.2 1.2 1.19885 1.18923 1.17 1.035)
(117.857 1.2 1.2 1.2 1.2 1.2 1.19885 1.18923 1.17 1.035)
(122.5 1.2 1.2 1.2 1.2 1.2 1.19885 1.18923 1.17 1.035)
(127.143 1.2 1.2 1.2 1.2 1.2 1.19885 1.18923 1.17 1.035)
(131.786 1.2 1.2 1.2 1.2 1.2 1.19885 1.18923 1.17 1.035)
(136.429 1.2 1.2 1.2 1.2 1.2 1.19885 1.18923 1.17 1.035)
(141.071 1.2 1.2 1.2 1.2 1.2 1.19885 1.18923 1.17 1.035)
(145.714 1.2 1.2 1.2 1.2 1.2 1.19885 1.18923 1.17 1.035)
(150.357 1.2 1.2 1.2 1.2 1.2 1.19885 1.18923 1.17 1.035)
(155 1.2 1.2 1.2 1.2 1.2 1.19885 1.18923 1.17 1.035)
(156.786 1.2 1.2 1.2 1.2 1.2 1.19885 1.18923 1.17 1.035)
(158.571 1.2 1.2 1.2 1.2 1.2 1.19885 1.18923 1.17 1.035)
(160.357 1.2 1.2 1.2 1.2 1.2 1.19885 1.18923 1.17 1.035)
(162.143 1.2 1.2 1.2 1.2 1.2 1.19885 1.18923 1.17 1.035)
(163.929 1.2 1.2 1.2 1.2 1.2 1.19885 1.18923 1.17 1.035)
(165.714 1.2 1.2 1.2 1.2 1.2 1.19885 1.18923 1.17 1.035)
(167.5 1.2 1.2 1.2 1.2 1.2 1.19885 1.18923 1.17 1.035)
(169.286 1.2 1.2 1.2 1.2 1.2 1.19885 1.18923 1.17 1.035)
(171.071 1.2 1.2 1.2 1.2 1.2 1.19885 1.18923 1.17 1.035)
(172.857 1.2 1.2 1.2 1.2 1.2 1.19885 1.18923 1.17 1.035)
(174.643 1.2 1.2 1.2 1.2 1.2 1.19885 1.18923 1.17 1.035)
(176.429 1.2 1.2 1.2 1.2 1.2 1.19885 1.18923 1.17 1.035)
(178.214 1.2 1.2 1.2 1.2 1.2 1.19885 1.18923 1.17 1.035)
(180 1.2 1.2 1.2 1.2 1.2 1.19885 1.18923 1.17 1.035)
