// From Sheldahl and Klimas (1981)
// Re_c = 30000 50000 60000 75000 100000 125000 150000 200000 250000
// alpha_deg
(-180 0.10608 0.07677 0.05429 0.04299 0.03507 0.03505 0.04717 0.05636 0.02776)
(-178.214 0.10711 0.07781 0.05535 0.04405 0.03614 0.03611 0.04823 0.05741 0.02883)
(-176.429 0.1102 0.08094 0.05851 0.04723 0.03933 0.0393 0.0514 0.06057 0.03203)
(-174.643 0.11533 0.08614 0.06377 0.05252 0.04463 0.04461 0.05667 0.06582 0.03735)
(-172.857 0.12248 0.0934 0.0711 0.05988 0.05203 0.052 0.06403 0.07315 0.04477)
(-171.071 0.13163 0.10267 0.08047 0.06931 0.06148 0.06146 0.07343 0.08251 0.05426)
(-169.286 0.14274 0.11393 0.09185 0.08075 0.07297 0.07294 0.08485 0.09388 0.06578)
(-167.5 0.15575 0.12714 0.1052 0.09416 0.08643 0.08641 0.09824 0.10721 0.07929)
(-165.714 0.17063 0.14223 0.12045 0.1095 0.10182 0.1018 0.11355 0.12245 0.09473)
(-163.929 0.18731 0.15915 0.13755 0.12669 0.11908 0.11906 0.13071 0.13954 0.11205)
(-162.143 0.20573 0.17782 0.15643 0.14568 0.13814 0.13812 0.14965 0.1584 0.13118)
(-160.357 0.2258 0.19819 0.17702 0.16638 0.15892 0.1589 0.17031 0.17897 0.15203)
(-158.571 0.24745 0.22016 0.19924 0.18872 0.18135 0.18132 0.19261 0.20116 0.17454)
(-156.786 0.27058 0.24364 0.22299 0.2126 0.20533 0.2053 0.21644 0.22489 0.1986)
(-155 0.29512 0.26855 0.24819 0.23794 0.23077 0.23074 0.24173 0.25006 0.22413)
(-150.357 0.36472 0.33924 0.31971 0.30989 0.30301 0.30298 0.31352 0.32151 0.29665)
(-145.714 0.44117 0.41695 0.39838 0.38905 0.3825 0.38248 0.3925 0.40009 0.37646)
(-141.071 0.52238 0.49958 0.4821 0.47331 0.46715 0.46712 0.47655 0.4837 0.46145)
(-136.429 0.60612 0.58488 0.5686 0.56041 0.55468 0.55466 0.56344 0.5701 0.54938)
(-131.786 0.69008 0.67055 0.65558 0.64805 0.64277 0.64275 0.65083 0.65695 0.63789)
(-127.143 0.77195 0.75425 0.74068 0.73386 0.72908 0.72906 0.73638 0.74193 0.72466)
(-122.5 0.84944 0.83369 0.82161 0.81554 0.81129 0.81127 0.81779 0.82272 0.80736)
(-117.857 0.92039 0.90669 0.89619 0.89091 0.88721 0.88719 0.89286 0.89715 0.88379)
(-113.214 0.98278 0.97123 0.96237 0.95792 0.95479 0.95478 0.95956 0.96318 0.95191)
(-108.571 1.03484 1.02551 1.01835 1.01475 1.01223 1.01222 1.01608 1.01901 1.0099)
(-103.929 1.07505 1.06799 1.06258 1.05986 1.05795 1.05795 1.06087 1.06308 1.05619)
(-99.2857 1.10217 1.09744 1.09382 1.09199 1.09072 1.09071 1.09267 1.09415 1.08953)
(-94.6429 1.11535 1.11298 1.11116 1.11024 1.1096 1.1096 1.11058 1.11132 1.10901)
(-90 1.11406 1.11406 1.11406 1.11406 1.11406 1.11406 1.11406 1.11406 1.11406)
(-85.3571 1.11535 1.11298 1.11116 1.11024 1.1096 1.1096 1.11058 1.11132 1.10901)
(-80.7143 1.10217 1.09744 1.09382 1.09199 1.09072 1.09071 1.09267 1.09415 1.08953)
(-76.0714 1.07505 1.06799 1.06258 1.05986 1.05795 1.05795 1.06087 1.06308 1.05619)
(-71.4286 1.03484 1.02551 1.01835 1.01475 1.01223 1.01222 1.01608 1.01901 1.0099)
(-66.7857 0.98278 0.97123 0.96237 0.95792 0.95479 0.95478 0.95956 0.96318 0.95191)
(-62.1429 0.92039 0.90669 0.89619 0.89091 0.88721 0.88719 0.89286 0.89715 0.88379)
(-57.5 0.84944 0.83369 0.82161 0.81554 0.81129 0.81127 0.81779 0.82272 0.80736)
(-52.8571 0.77195 0.75425 0.74068 0.73386 0.72908 0.72906 0.73638 0.74193 0.72466)
(-48.2143 0.69008 0.67055 0.65558 0.64805 0.64277 0.64275 0.65083 0.65695 0.63789)
(-43.5714 0.60612 0.58488 0.5686 0.56041 0.55468 0.55466 0.56344 0.5701 0.54938)
(-38.9286 0.52238 0.49958 0.4821 0.47331 0.46715 0.46712 0.47655 0.4837 0.46145)
(-34.2857 0.44117 0.41695 0.39838 0.38905 0.3825 0.38248 0.3925 0.40009 0.37646)
(-29.6429 0.36472 0.33924 0.31971 0.30989 0.30301 0.30298 0.31352 0.32151 0.29665)
(-25 0.29512 0.26855 0.24819 0.23794 0.23077 0.23074 0.24173 0.25006 0.22413)
(-23.9286 0.28727 0.25971 0.24044 0.23087 0.22351 0.2234 0.2336 0.24136 0.21752)
(-22.8571 0.27941 0.25087 0.23269 0.22379 0.21625 0.21605 0.22547 0.23267 0.21091)
(-21.7857 0.27156 0.24203 0.22495 0.21671 0.209 0.20871 0.21734 0.22398 0.2043)
(-20.7143 0.26371 0.23318 0.2172 0.20963 0.20174 0.20136 0.20921 0.21528 0.19769)
(-19.6429 0.25585 0.22434 0.20946 0.20256 0.19449 0.19402 0.20108 0.20659 0.19107)
(-18.5714 0.248 0.2155 0.20171 0.19548 0.18723 0.18667 0.19295 0.1979 0.18446)
(-17.5 0.24015 0.20666 0.19397 0.1884 0.17998 0.17933 0.18482 0.1892 0.17785)
(-16.4286 0.23229 0.19781 0.18622 0.18132 0.17272 0.17198 0.17669 0.18051 0.17124)
(-15.3571 0.22444 0.18897 0.17847 0.17424 0.16546 0.16464 0.16856 0.17182 0.16462)
(-14.2857 0.21659 0.18013 0.17073 0.16717 0.15821 0.15729 0.16043 0.16312 0.15801)
(-13.2143 0.20873 0.17129 0.16298 0.16009 0.15095 0.14995 0.1523 0.15443 0.1514)
(-12.1429 0.20088 0.16245 0.15524 0.15301 0.1437 0.1426 0.14417 0.14574 0.14479)
(-10 0.1739 0.13608 0.13167 0.13122 0.11943 0.11983 0.12269 0.12295 0.12561)
(-8 0.16558 0.12264 0.1128 0.11105 0.10089 0.10264 0.10486 0.10808 0.10991)
(-6 0.1396 0.07927 0.07283 0.07019 0.08147 0.08228 0.07912 0.07409 0.06871)
(-4 0.0972 0.0441 0.03823 0.03016 0.03414 0.0302 0.02574 0.02306 0.01723)
(-2 0.08523 0.03004 0.02407 0.01703 0.02285 0.01787 0.01742 0.01358 0.01111)
(0 0.08241 0.02721 0.02101 0.0144 0.02135 0.015 0.01558 0.01105 0.00886)
(1 0.08139 0.02691 0.02054 0.01422 0.02111 0.01467 0.01628 0.01183 0.00934)
(2 0.08355 0.02614 0.02038 0.0141 0.02063 0.01434 0.01699 0.01263 0.00984)
(3 0.08624 0.0265 0.01983 0.01406 0.01989 0.0148 0.01747 0.01323 0.01037)
(4 0.08571 0.0276 0.01969 0.01406 0.01971 0.01524 0.01795 0.01384 0.01092)
(5 0.08547 0.02779 0.02041 0.01416 0.02021 0.01638 0.01926 0.015 0.01196)
(6 0.08501 0.03075 0.02216 0.01481 0.02113 0.01753 0.02056 0.01615 0.01302)
(7 0.09096 0.034 0.02472 0.01616 0.02437 0.01972 0.02229 0.01781 0.01482)
(8 0.12656 0.03538 0.02637 0.01708 0.02839 0.02257 0.02521 0.02039 0.01689)
(9 0.14872 0.04144 0.03171 0.02367 0.03215 0.02575 0.02866 0.02343 0.01942)
(10 0.17754 0.0514 0.03947 0.0279 0.03829 0.02937 0.03259 0.02617 0.02191)
(11 0.16576 0.0547 0.06029 0.05253 0.04563 0.03954 0.04041 0.029 0.02651)
(12 0.2108 0.08625 0.08099 0.07833 0.1343 0.12893 0.13734 0.0489 0.06069)
(13 0.21508 0.1482 0.18663 0.22699 0.13232 0.14103 0.16321 0.13787 0.12716)
(14 0.25776 0.20022 0.22486 0.21357 0.23864 0.1691 0.1899 0.19121 0.15398)
(15 0.26562 0.24687 0.2623 0.25409 0.24994 0.191 0.21025 0.19954 0.13458)
(16 0.26655 0.2606 0.26447 0.26035 0.25532 0.2479 0.25235 0.21509 0.15798)
(18 0.29867 0.27733 0.27754 0.28084 0.28336 0.27217 0.26732 0.2407 0.21433)
(20 0.30818 0.301 0.29987 0.29225 0.28507 0.27675 0.24909 0.24062 0.22915)
(25 0.26007 0.23358 0.21287 0.20246 0.19361 0.1941 0.20614 0.21528 0.189)
(29.6429 0.31439 0.28874 0.26885 0.25886 0.25042 0.25083 0.2622 0.27101 0.24597)
(34.2857 0.37642 0.35179 0.33288 0.32338 0.31543 0.31575 0.32637 0.33478 0.31112)
(38.9286 0.4449 0.42151 0.4037 0.39476 0.38736 0.38759 0.39742 0.40535 0.3832)
(43.5714 0.51831 0.49636 0.47978 0.47145 0.46468 0.46481 0.47379 0.48119 0.46066)
(48.2143 0.59496 0.57464 0.55938 0.55172 0.54564 0.54568 0.55376 0.56056 0.54178)
(52.8571 0.67303 0.65451 0.64069 0.63374 0.62839 0.62834 0.6355 0.64165 0.6247)
(57.5 0.75067 0.73411 0.72182 0.71563 0.71104 0.7109 0.71711 0.72258 0.70755)
(62.1429 0.82602 0.81157 0.80089 0.79549 0.79167 0.79146 0.79672 0.80146 0.78842)
(66.7857 0.89725 0.88503 0.87603 0.87147 0.86839 0.86814 0.87247 0.87645 0.86547)
(71.4286 0.96257 0.95269 0.94542 0.94173 0.93937 0.9391 0.94252 0.94572 0.93686)
(76.0714 1.02013 1.01268 1.0072 1.00441 1.0027 1.00247 1.005 1.0074 1.0007)
(80.7143 1.06783 1.06286 1.05919 1.05732 1.05621 1.05605 1.05775 1.05933 1.05483)
(85.3571 1.1023 1.09984 1.09801 1.09707 1.09651 1.09644 1.09732 1.0981 1.09582)
(90 1.11406 1.11406 1.11406 1.11406 1.11406 1.11406 1.11406 1.11406 1.11406)
(94.6429 1.11535 1.11298 1.11116 1.11024 1.1096 1.1096 1.11058 1.11132 1.10901)
(99.2857 1.10217 1.09744 1.09382 1.09199 1.09072 1.09071 1.09267 1.09415 1.08953)
(103.929 1.07505 1.06799 1.06258 1.05986 1.05795 1.05795 1.06087 1.06308 1.05619)
(108.571 1.03484 1.02551 1.01835 1.01475 1.01223 1.01222 1.01608 1.01901 1.0099)
(113.214 0.98278 0.97123 0.96237 0.95792 0.95479 0.95478 0.95956 0.96318 0.95191)
(117.857 0.92039 0.90669 0.89619 0.89091 0.88721 0.88719 0.89286 0.89715 0.88379)
(122.5 0.84944 0.83369 0.82161 0.81554 0.81129 0.81127 0.81779 0.82272 0.80736)
(127.143 0.77195 0.75425 0.74068 0.73386 0.72908 0.72906 0.73638 0.74193 0.72466)
(131.786 0.69008 0.67055 0.65558 0.64805 0.64277 0.64275 0.65083 0.65695 0.63789)
(136.429 0.60612 0.58488 0.5686 0.56041 0.55468 0.55466 0.56344 0.5701 0.54938)
(141.071 0.52238 0.49958 0.4821 0.47331 0.46715 0.46712 0.47655 0.4837 0.46145)
(145.714 0.44117 0.41695 0.39838 0.38905 0.3825 0.38248 0.3925 0.40009 0.37646)
(150.357 0.36472 0.33924 0.31971 0.30989 0.30301 0.30298 0.31352 0.32151 0.29665)
(155 0.29512 0.26855 0.24819 0.23794 0.23077 0.23074 0.24173 0.25006 0.22413)
(156.786 0.27058 0.24364 0.22299 0.2126 0.20533 0.2053 0.21644 0.22489 0.1986)
(158.571 0.24745 0.22016 0.19924 0.18872 0.18135 0.18132 0.19261 0.20116 0.17454)
(160.357 0.2258 0.19819 0.17702 0.16638 0.15892 0.1589 0.17031 0.17897 0.15203)
(162.143 0.20573 0.17782 0.15643 0.14568 0.13814 0.13812 0.14965 0.1584 0.13118)
(163.929 0.18731 0.15915 0.13755 0.12669 0.11908 0.11906 0.13071 0.13954 0.11205)
(165.714 0.17063 0.14223 0.12045 0.1095 0.10182 0.1018 0.11355 0.12245 0.09473)
(167.5 0.15575 0.12714 0.1052 0.09416 0.08643 0.08641 0.09824 0.10721 0.07929)
(169.286 0.14274 0.11393 0.09185 0.08075 0.07297 0.07294 0.08485 0.09388 0.06578)
(171.071 0.13163 0.10267 0.08047 0.06931 0.06148 0.06146 0.07343 0.08251 0.05426)
(172.857 0.12248 0.0934 0.0711 0.05988 0.05203 0.052 0.06403 0.07315 0.04477)
(174.643 0.11533 0.08614 0.06377 0.05252 0.04463 0.04461 0.05667 0.06582 0.03735)
(176.429 0.1102 0.08094 0.05851 0.04723 0.03933 0.0393 0.0514 0.06057 0.03203)
(178.214 0.10711 0.07781 0.05535 0.04405 0.03614 0.03611 0.04823 0.05741 0.02883)
(180 0.10608 0.07677 0.05429 0.04299 0.03507 0.03505 0.04717 0.05636 0.02776)
