// From Sheldahl and Klimas (1981)
// Re_c = 30000 50000 60000 75000 100000 125000 150000 200000 250000
// alpha_deg
(-180 0.10657 0.07727 0.05481 0.04352 0.0356 0.03558 0.04769 0.05686 0.02821)
(-178.214 0.1076 0.07832 0.05587 0.04458 0.03667 0.03664 0.04874 0.05792 0.02928)
(-176.429 0.11069 0.08145 0.05903 0.04775 0.03985 0.03983 0.05192 0.06107 0.03248)
(-174.643 0.11582 0.08665 0.06428 0.05304 0.04516 0.04513 0.05719 0.06632 0.0378)
(-172.857 0.12297 0.0939 0.07161 0.0604 0.05255 0.05252 0.06454 0.07364 0.04521)
(-171.071 0.13211 0.10317 0.08098 0.06982 0.062 0.06197 0.07394 0.083 0.0547)
(-169.286 0.14321 0.11442 0.09235 0.08126 0.07348 0.07345 0.08535 0.09437 0.06622)
(-167.5 0.15623 0.12762 0.10569 0.09466 0.08694 0.08691 0.09873 0.10769 0.07972)
(-165.714 0.1711 0.14271 0.12094 0.10999 0.10232 0.1023 0.11403 0.12292 0.09516)
(-163.929 0.18777 0.15962 0.13803 0.12718 0.11957 0.11955 0.13118 0.14 0.11247)
(-162.143 0.20618 0.17829 0.15691 0.14616 0.13862 0.1386 0.15012 0.15886 0.13159)
(-160.357 0.22624 0.19864 0.17749 0.16685 0.15939 0.15937 0.17078 0.17942 0.15243)
(-158.571 0.24788 0.2206 0.19969 0.18918 0.18181 0.18178 0.19306 0.2016 0.17493)
(-156.786 0.271 0.24408 0.22343 0.21305 0.20578 0.20575 0.21688 0.22532 0.19898)
(-155 0.29553 0.26897 0.24862 0.23838 0.23121 0.23118 0.24216 0.25047 0.2245)
(-150.357 0.3651 0.33963 0.32011 0.31029 0.30341 0.30339 0.31392 0.32189 0.29698)
(-145.714 0.44152 0.41731 0.39875 0.38941 0.38287 0.38285 0.39286 0.40044 0.37676)
(-141.071 0.52269 0.4999 0.48242 0.47363 0.46748 0.46746 0.47688 0.48401 0.46171)
(-136.429 0.60639 0.58516 0.56889 0.5607 0.55497 0.55495 0.56372 0.57037 0.5496)
(-131.786 0.69032 0.67079 0.65582 0.6483 0.64302 0.643 0.65107 0.65719 0.63807)
(-127.143 0.77214 0.75445 0.74089 0.73407 0.72929 0.72927 0.73658 0.74212 0.7248)
(-122.5 0.8496 0.83385 0.82179 0.81572 0.81146 0.81145 0.81795 0.82288 0.80746)
(-117.857 0.92051 0.90682 0.89633 0.89105 0.88735 0.88734 0.89299 0.89728 0.88386)
(-113.214 0.98288 0.97133 0.96248 0.95803 0.95491 0.9549 0.95967 0.96328 0.95195)
(-108.571 1.03492 1.02559 1.01843 1.01484 1.01231 1.01231 1.01616 1.01908 1.00991)
(-103.929 1.0751 1.06805 1.06264 1.05992 1.05802 1.05801 1.06092 1.06313 1.05618)
(-99.2857 1.10222 1.09749 1.09387 1.09204 1.09077 1.09076 1.09271 1.09418 1.08951)
(-94.6429 1.11539 1.11302 1.1112 1.11028 1.10964 1.10964 1.11062 1.11135 1.10898)
(-90 1.1141 1.1141 1.1141 1.1141 1.1141 1.1141 1.1141 1.11409 1.11403)
(-85.3571 1.11539 1.11302 1.1112 1.11028 1.10964 1.10964 1.11062 1.11135 1.10898)
(-80.7143 1.10222 1.09749 1.09387 1.09204 1.09077 1.09076 1.09271 1.09418 1.08951)
(-76.0714 1.0751 1.06805 1.06264 1.05992 1.05802 1.05801 1.06092 1.06313 1.05618)
(-71.4286 1.03492 1.02559 1.01843 1.01484 1.01231 1.01231 1.01616 1.01908 1.00991)
(-66.7857 0.98288 0.97133 0.96248 0.95803 0.95491 0.9549 0.95967 0.96328 0.95195)
(-62.1429 0.92051 0.90682 0.89633 0.89105 0.88735 0.88734 0.89299 0.89728 0.88386)
(-57.5 0.8496 0.83385 0.82179 0.81572 0.81146 0.81145 0.81795 0.82288 0.80746)
(-52.8571 0.77214 0.75445 0.74089 0.73407 0.72929 0.72927 0.73658 0.74212 0.7248)
(-48.2143 0.69032 0.67079 0.65582 0.6483 0.64302 0.643 0.65107 0.65719 0.63807)
(-43.5714 0.60639 0.58516 0.56889 0.5607 0.55497 0.55495 0.56372 0.57037 0.5496)
(-38.9286 0.52269 0.4999 0.48242 0.47363 0.46748 0.46746 0.47688 0.48401 0.46171)
(-34.2857 0.44152 0.41731 0.39875 0.38941 0.38287 0.38285 0.39286 0.40044 0.37676)
(-29.6429 0.3651 0.33963 0.32011 0.31029 0.30341 0.30339 0.31392 0.32189 0.29698)
(-25 0.29553 0.26897 0.24862 0.23838 0.23121 0.23118 0.24216 0.25047 0.2245)
(-23.9286 0.28768 0.26014 0.24087 0.2313 0.22395 0.22384 0.23403 0.24178 0.21789)
(-22.8571 0.27983 0.2513 0.23313 0.22423 0.2167 0.2165 0.2259 0.2331 0.21128)
(-21.7857 0.27198 0.24246 0.22539 0.21716 0.20945 0.20916 0.21778 0.22441 0.20467)
(-20.7143 0.26413 0.23362 0.21765 0.21008 0.20219 0.20181 0.20965 0.21572 0.19806)
(-19.6429 0.25628 0.22478 0.20991 0.20301 0.19494 0.19447 0.20153 0.20703 0.19146)
(-18.5714 0.24843 0.21594 0.20216 0.19593 0.18769 0.18713 0.1934 0.19834 0.18485)
(-17.5 0.24058 0.20711 0.19442 0.18886 0.18044 0.17979 0.18527 0.18965 0.17824)
(-16.4286 0.23273 0.19827 0.18668 0.18178 0.17318 0.17245 0.17715 0.18096 0.17163)
(-15.3571 0.22488 0.18943 0.17894 0.17471 0.16593 0.1651 0.16902 0.17227 0.16502)
(-14.2857 0.21703 0.18059 0.17119 0.16763 0.15868 0.15776 0.16089 0.16358 0.15841)
(-13.2143 0.20918 0.17175 0.16345 0.16056 0.15143 0.15042 0.15277 0.15489 0.1518)
(-12.1429 0.20133 0.16291 0.15571 0.15349 0.14417 0.14308 0.14464 0.1462 0.14519)
(-10 0.21983 0.17158 0.16473 0.16251 0.15925 0.15291 0.14424 0.14521 0.15002)
(-8 0.18488 0.13403 0.12152 0.11897 0.11476 0.10999 0.10055 0.10454 0.10773)
(-6 0.13857 0.07525 0.06778 0.06352 0.07519 0.06949 0.06085 0.05955 0.05868)
(-4 0.0963 0.04264 0.03689 0.02905 0.031 0.02452 0.02131 0.02049 0.01735)
(-2 0.08391 0.02957 0.02381 0.01711 0.02187 0.0167 0.01796 0.01428 0.01172)
(0 0.08291 0.02774 0.02154 0.01494 0.02188 0.01554 0.01611 0.01158 0.00932)
(1 0.08201 0.02744 0.02099 0.01469 0.02171 0.01507 0.01693 0.01246 0.0099)
(2 0.08403 0.02654 0.02073 0.01454 0.0212 0.01464 0.01772 0.01332 0.01045)
(3 0.08646 0.02676 0.02012 0.01448 0.02016 0.01487 0.01808 0.01386 0.01093)
(4 0.08564 0.02781 0.01997 0.01446 0.01976 0.01523 0.01848 0.01442 0.01143)
(5 0.08537 0.02798 0.02065 0.01451 0.02018 0.01638 0.01969 0.01547 0.01239)
(6 0.08518 0.03104 0.0225 0.01521 0.02128 0.01774 0.021 0.01661 0.01344)
(7 0.09155 0.03459 0.02531 0.01673 0.02499 0.02034 0.02286 0.01836 0.0153)
(8 0.12826 0.03656 0.02751 0.01811 0.02988 0.0239 0.02615 0.02123 0.01763)
(9 0.1526 0.04373 0.0339 0.02556 0.03499 0.02824 0.03037 0.02491 0.02074)
(10 0.18543 0.0555 0.04317 0.03075 0.04317 0.03363 0.03584 0.02895 0.02444)
(11 0.1778 0.0608 0.0656 0.05727 0.05382 0.04703 0.04678 0.03474 0.03166)
(12 0.23377 0.0951 0.08973 0.0869 0.15269 0.14672 0.15499 0.06039 0.07165)
(13 0.24722 0.17102 0.21202 0.25593 0.16017 0.16684 0.18918 0.16032 0.14837)
(14 0.30064 0.24121 0.2637 0.25064 0.27927 0.20503 0.22546 0.22429 0.18597)
(15 0.31761 0.29892 0.31275 0.30365 0.30075 0.23871 0.25578 0.24233 0.17544)
(16 0.32656 0.32041 0.32409 0.31973 0.31649 0.30865 0.3091 0.26928 0.21013)
(18 0.37504 0.35201 0.3536 0.35786 0.36393 0.3524 0.34435 0.31222 0.28835)
(20 0.40302 0.39514 0.39491 0.38878 0.38581 0.37743 0.3489 0.33859 0.32422)
(25 0.40188 0.37509 0.35578 0.34606 0.34395 0.34237 0.35014 0.35601 0.33111)
(29.6429 0.51781 0.49289 0.47443 0.46513 0.46298 0.46165 0.46965 0.47511 0.45077)
(34.2857 0.63801 0.61502 0.59751 0.58866 0.58642 0.58536 0.5935 0.5986 0.57502)
(38.9286 0.75781 0.73678 0.72031 0.71197 0.70958 0.7088 0.71701 0.72176 0.69916)
(43.5714 0.87284 0.85377 0.83842 0.83067 0.82807 0.82758 0.83576 0.84017 0.81879)
(48.2143 0.97896 0.96183 0.94771 0.94059 0.93776 0.93758 0.94562 0.94968 0.92974)
(52.8571 1.07229 1.05709 1.04429 1.03785 1.0348 1.03491 1.0427 1.0464 1.02811)
(57.5 1.14929 1.13601 1.12459 1.11889 1.11566 1.11603 1.12344 1.12677 1.11033)
(62.1429 1.20685 1.19546 1.1855 1.18057 1.17726 1.17785 1.1847 1.18765 1.17323)
(66.7857 1.24242 1.23289 1.22447 1.22033 1.21708 1.21781 1.22393 1.22647 1.21424)
(71.4286 1.25424 1.24656 1.23973 1.2364 1.23341 1.23417 1.23937 1.24147 1.23155)
(76.0714 1.24173 1.23589 1.2307 1.22819 1.22569 1.22637 1.23042 1.23207 1.22457)
(80.7143 1.20643 1.20243 1.19893 1.19725 1.19546 1.19594 1.19867 1.19983 1.19482)
(85.3571 1.15499 1.15288 1.1511 1.15024 1.14937 1.14957 1.15086 1.15149 1.14899)
(90 1.1141 1.1141 1.1141 1.1141 1.1141 1.1141 1.1141 1.11409 1.11403)
(94.6429 1.11539 1.11302 1.1112 1.11028 1.10964 1.10964 1.11062 1.11135 1.10898)
(99.2857 1.10222 1.09749 1.09387 1.09204 1.09077 1.09076 1.09271 1.09418 1.08951)
(103.929 1.0751 1.06805 1.06264 1.05992 1.05802 1.05801 1.06092 1.06313 1.05618)
(108.571 1.03492 1.02559 1.01843 1.01484 1.01231 1.01231 1.01616 1.01908 1.00991)
(113.214 0.98288 0.97133 0.96248 0.95803 0.95491 0.9549 0.95967 0.96328 0.95195)
(117.857 0.92051 0.90682 0.89633 0.89105 0.88735 0.88734 0.89299 0.89728 0.88386)
(122.5 0.8496 0.83385 0.82179 0.81572 0.81146 0.81145 0.81795 0.82288 0.80746)
(127.143 0.77214 0.75445 0.74089 0.73407 0.72929 0.72927 0.73658 0.74212 0.7248)
(131.786 0.69032 0.67079 0.65582 0.6483 0.64302 0.643 0.65107 0.65719 0.63807)
(136.429 0.60639 0.58516 0.56889 0.5607 0.55497 0.55495 0.56372 0.57037 0.5496)
(141.071 0.52269 0.4999 0.48242 0.47363 0.46748 0.46746 0.47688 0.48401 0.46171)
(145.714 0.44152 0.41731 0.39875 0.38941 0.38287 0.38285 0.39286 0.40044 0.37676)
(150.357 0.3651 0.33963 0.32011 0.31029 0.30341 0.30339 0.31392 0.32189 0.29698)
(155 0.29553 0.26897 0.24862 0.23838 0.23121 0.23118 0.24216 0.25047 0.2245)
(156.786 0.271 0.24408 0.22343 0.21305 0.20578 0.20575 0.21688 0.22532 0.19898)
(158.571 0.24788 0.2206 0.19969 0.18918 0.18181 0.18178 0.19306 0.2016 0.17493)
(160.357 0.22624 0.19864 0.17749 0.16685 0.15939 0.15937 0.17078 0.17942 0.15243)
(162.143 0.20618 0.17829 0.15691 0.14616 0.13862 0.1386 0.15012 0.15886 0.13159)
(163.929 0.18777 0.15962 0.13803 0.12718 0.11957 0.11955 0.13118 0.14 0.11247)
(165.714 0.1711 0.14271 0.12094 0.10999 0.10232 0.1023 0.11403 0.12292 0.09516)
(167.5 0.15623 0.12762 0.10569 0.09466 0.08694 0.08691 0.09873 0.10769 0.07972)
(169.286 0.14321 0.11442 0.09235 0.08126 0.07348 0.07345 0.08535 0.09437 0.06622)
(171.071 0.13211 0.10317 0.08098 0.06982 0.062 0.06197 0.07394 0.083 0.0547)
(172.857 0.12297 0.0939 0.07161 0.0604 0.05255 0.05252 0.06454 0.07364 0.04521)
(174.643 0.11582 0.08665 0.06428 0.05304 0.04516 0.04513 0.05719 0.06632 0.0378)
(176.429 0.11069 0.08145 0.05903 0.04775 0.03985 0.03983 0.05192 0.06107 0.03248)
(178.214 0.1076 0.07832 0.05587 0.04458 0.03667 0.03664 0.04874 0.05792 0.02928)
(180 0.10657 0.07727 0.05481 0.04352 0.0356 0.03558 0.04769 0.05686 0.02821)
