//	Axial distance	Distance along pitch axis from blade root 	Azimuth	Chord 	Chord Mount	Twist	Relative thickness 	Airfoil ID 	//
//	(m)	(m)	(deg)	(m)	(% chord)	(deg)	(%)	(-)	//
(	0	0.035	0	0.030551	0.5	14.43474	1	0	)
(	0	0.05293	0	0.030551	0.5	14.43474	1	1	)
(	0	0.07147	0	0.030551	0.5	14.40005	1	2	)
(	0	0.09054	0	0.030551	0.5	14.08671	1	3	)
(	0	0.1101	0	0.03067		0.5	13.13399	1	4	)
(	0	0.13008	0	0.036309	0.5014	11.48913	0.9719	5	)
(	0	0.15039	0	0.049895	0.3973	9.663148	0.3207	6	)
(	0	0.17096	0	0.060396	0.3065	8.415358	0.1515	7	)
(	0	0.19169	0	0.061931	0.2927	7.980657	0.1114	8	)
(	0	0.2125	0	0.059815	0.29	7.857755	0.0999	9	)
(	0	0.2333	0	0.057193	0.29	7.682155	0.0997	10	)
(	0	0.254	0	0.054308	0.29	7.342353	0.0997	11	)
(	0	0.27451	0	0.051376	0.29	6.784079	0.0997	12	)
(	0	0.29474	0	0.048527	0.29	6.145352	0.0997	13	)
(	0	0.31461	0	0.045812	0.29	5.491988	0.0997	14	)
(	0	0.33405	0	0.043249	0.29	4.843751	0.0997	15	)
(	0	0.35299	0	0.040841	0.29	4.209199	0.0997	16	)
(	0	0.37137	0	0.038593	0.29	3.601487	0.0997	17	)
(	0	0.38913	0	0.036504	0.29	3.034434	0.0997	18	)
(	0	0.40624	0	0.034561	0.29	2.511709	0.0997	19	)
(	0	0.42266	0	0.032754	0.29	2.03879		0.0997	20	)
(	0	0.43836	0	0.031076	0.29	1.608078	0.0997	21	)
(	0	0.45333	0	0.02952		0.29	1.205375	0.0997	22	)
(	0	0.46754	0	0.028081	0.29	0.834593	0.0997	23	)
(	0	0.48101	0	0.026751	0.29	0.499535	0.0997	24	)
(	0	0.49374	0	0.025529	0.29	0.192499	0.0997	25	)
(	0	0.50572	0	0.024405	0.29	-0.092055	0.0997	26	)
(	0	0.51699	0	0.02337		0.29	-0.360571	0.0997	27	)
(	0	0.52755	0	0.022422	0.29	-0.612229	0.0997	28	)
(	0	0.53743	0	0.021526	0.29	-0.838556	0.0997	29	)
(	0	0.54665	0	0.020636	0.29	-1.037604	0.0997	30	)
(	0	0.55525	0	0.019717	0.29	-1.220497	0.0997	31	)
(	0	0.56324	0	0.018747	0.29	-1.390075	0.0997	32	)
(	0	0.57065	0	0.017722	0.29	-1.541912	0.0997	33	)
(	0	0.57753	0	0.016618	0.29	-1.673576	0.0997	34	)
(	0	0.5839	0	0.015353	0.29	-1.787541	0.0997	35	)
(	0	0.58978	0	0.013813	0.29	-1.890758	0.0997	36	)
(	0	0.59522	0	0.011767	0.29	-1.98088	0.0997	37	)
(	0	0.60023	0	0.005423	0.29	-2.056475	0.0997	38	)
